input/GemNum.asc
NCOLS 128 
NROWS 90 
XLLCORNER 3605567.5 
YLLCORNER 5890349.5 
CELLSIZE 2000 
NODATA_value -9999 
[rows 28 to 55 of 90, columns 64 to 127 of 128]
13073085 13073085 13073085 13073085 13073022 13073022 13073022 13073057 13073024 13073024 13073024 13073102 13073102 13073102 13073102 13073102 13073102 13073090 13073090 13073090 13073090 13073090 13073090 13075091 -9999 13075091 13075091 13075039 -9999 -9999 -9999 -9999 -9999 -9999 -9999 13075083 13075069 -9999 13075106 13075106 13075106 -9999 -9999 -9999 -9999 -9999 -9999 -9999 -9999 -9999 -9999 -9999 -9999 -9999 -9999 -9999 -9999 -9999 -9999 -9999 -9999 -9999 -9999 -9999
13073085 13073085 13073085 13073022 13073022 13073039 13073039 13073057 13073057 13073034 13073034 13073034 13073062 13073062 13073062 13073102 13073035 13073035 13073090 13073090 13073090 13073090 13073090 13075091 13075091 13075091 -9999 -9999 -9999 -9999 -9999 -9999 -9999 -9999 13075083 13075083 13075120 13075069 -9999 13075106 13075106 -9999 -9999 -9999 -9999 -9999 -9999 -9999 -9999 -9999 -9999 -9999 -9999 -9999 -9999 -9999 -9999 -9999 -9999 -9999 -9999 -9999 -9999 -9999
13073055 13073085 13073022 13073022 13073022 13073039 13073020 13073020 13073034 13073034 13073034 13073034 13073062 13073062 13073062 13073035 13073035 13073035 13073089 13073090 13073090 13073090 13073090 13075141 13075141 13075102 13075102 13075102 -9999 -9999 13075081 13075081 13075018 13075083 13075146 13075120 13075120 13075120 13075069 -9999 13075106 13075058 -9999 -9999 -9999 -9999 -9999 -9999 -9999 -9999 -9999 -9999 -9999 -9999 -9999 -9999 -9999 -9999 -9999 -9999 -9999 -9999 -9999 -9999
13073055 13073055 13073022 13073022 13073022 13073093 13073039 13073020 13073034 13073034 13073034 13073086 13073086 13073086 13073086 13073035 13073089 13073089 13073089 13073089 13073090 13075141 13075141 13075141 13075141 13075141 13075102 13075039 -9999 -9999 13075081 13075081 13075018 13075018 13075146 13075146 13075120 13075120 13075069 13075069 -9999 13075092 13075133 -9999 -9999 -9999 -9999 -9999 -9999 -9999 -9999 -9999 -9999 -9999 -9999 -9999 -9999 -9999 -9999 -9999 -9999 -9999 -9999 -9999
13073055 13073055 13073007 13073007 13073022 13073093 13073093 13073093 13073093 13073034 13073086 13073086 13073086 13073035 13073035 13073035 13073035 13073089 13073089 13073089 13073089 13073089 13075076 13075076 13075141 13075039 13075039 13075039 13075039 -9999 13075060 13075060 13075018 13075146 13075146 13075097 13075059 13075120 13075120 13075144 13075092 13075092 13075092 13075151 13075151 13075148 -9999 -9999 -9999 -9999 -9999 -9999 -9999 -9999 -9999 -9999 -9999 -9999 -9999 -9999 -9999 -9999 -9999 -9999
13073015 13073007 13073007 13073007 13073007 13073093 13073093 13073093 13073093 13073033 13073034 13073033 13073098 13073035 13073035 13073035 13073035 13073089 13073089 13073089 13073089 13073089 13073089 13075076 13075050 13075050 13075039 13075039 13075039 13075039 13075060 13075060 13075060 13075097 13075097 13075097 13075059 13075144 13075144 13075144 13075144 13075072 13075072 13075151 -9999 -9999 13075066 -9999 -9999 -9999 -9999 -9999 -9999 -9999 -9999 -9999 -9999 -9999 -9999 -9999 -9999 -9999 -9999 -9999
13073015 13073015 13073050 13073050 13073050 13073050 13073093 13073093 13073093 13073033 13073033 13073033 13073098 13073098 13073098 13073089 13073089 13073089 13073089 13073089 13073089 13073089 13075027 13075076 13075050 13075050 13075142 13075142 13075142 13075142 13075142 13075142 13075046 13075097 13075059 13075059 13075059 13075144 13075144 -9999 13075072 -9999 -9999 13075087 -9999 -9999 -9999 13075080 13075080 -9999 -9999 -9999 -9999 -9999 -9999 -9999 -9999 -9999 -9999 -9999 -9999 -9999 -9999 -9999
13072107 13072037 13073050 13073050 13073050 13073093 13073016 13073016 13073016 13073032 13073033 13073033 13073029 13073029 13073089 13073089 13073089 13073089 13073089 13073089 13073089 13075123 13075027 13075027 13075027 13075027 13075142 13075142 13075041 13075142 13075041 13075046 13075046 13075097 13075059 13075059 13075144 13075144 13075144 13075124 13075124 -9999 13075087 13075087 13075087 -9999 -9999 13075080 13075135 13075135 -9999 -9999 -9999 -9999 -9999 -9999 -9999 -9999 -9999 -9999 -9999 -9999 -9999 -9999
13072107 13072037 13072037 13073050 13073050 13073050 13073016 13073016 13073016 13073032 13073032 13073029 13073029 13073089 13073089 13073089 13073089 13075082 13073089 13073089 13075123 13075123 13075123 13075027 13075025 13075025 13075008 13075008 13075041 13075041 13075041 13075041 13075041 13075145 13075145 13075156 13075144 13075144 13075144 13075147 -9999 -9999 13075087 -9999 -9999 -9999 -9999 -9999 -9999 13075135 13075135 -9999 -9999 -9999 -9999 -9999 -9999 -9999 -9999 -9999 -9999 -9999 -9999 -9999
13072107 13072037 13072010 13072010 13073050 13072010 13072010 13073016 13073032 13073032 13073029 13073029 13073029 13073029 13073089 13075082 13075082 13075082 13075082 13075123 13075123 13075123 13075123 13075036 13075025 13075025 13075008 13075008 13075008 13075041 13075041 13075041 13075041 13075156 13075156 13075156 13075144 13075147 13075147 13075147 13075147 -9999 -9999 -9999 13075114 13075114 -9999 -9999 -9999 13075111 13075111 13075049 -9999 -9999 -9999 -9999 -9999 -9999 -9999 -9999 -9999 -9999 -9999 -9999
13072111 13072076 13072010 13072010 13072010 13072010 13072010 13072010 13073032 13073032 13073032 13073029 13073029 13071112 13075082 13075082 13075082 13075082 13075082 13075082 13075123 13075123 13075036 13075036 13075036 13075025 13075008 13075008 13075044 13075044 13075041 13075154 13075154 13075154 13075156 13075156 13075156 13075144 13075147 13075147 13075147 13075074 -9999 -9999 13075114 13075114 -9999 -9999 -9999 13075111 13075049 13075049 13075049 -9999 -9999 -9999 -9999 -9999 -9999 -9999 -9999 -9999 -9999 -9999
13072111 13072010 13072010 13072035 13072035 13072035 13072010 13072010 13071027 13073032 13073032 13071112 13071112 13071112 13075082 13075082 13075082 13075082 13075082 13075082 13075123 13075123 13075036 13075009 13075036 13075036 13075006 13075008 13075044 13075044 13075041 13075154 13075154 13075156 13075156 13075156 13075061 13075121 13075121 13075074 13075074 13075074 13075074 -9999 -9999 13075114 13075090 13075010 -9999 13075010 13075010 13075049 13075049 13075049 -9999 -9999 -9999 -9999 -9999 -9999 -9999 -9999 -9999 -9999
13072111 13072111 13072010 13072035 13072035 13072035 13072035 13072010 13071027 13071027 13071027 13071112 13071112 13071112 13071112 13071029 13075082 13075082 13075082 13075082 13075082 13075009 13075009 13075009 13075009 13075006 13075006 13075006 13075044 13075044 13075040 13075154 13075125 13075125 13075061 13075061 13075061 13075121 13075121 13075121 13075074 13075094 13075074 13075021 -9999 13075114 13075090 13075090 13075010 13075010 13075010 13075065 13075065 13075049 -9999 -9999 -9999 -9999 -9999 -9999 -9999 -9999 -9999 -9999
13072111 13072010 13072010 13072035 13072035 13072031 13072031 13072031 13071027 13071027 13071027 13071027 13071157 13071029 13071029 13071029 13071029 13071076 13075082 13071076 13075082 13075009 13075009 13075009 13075009 13075054 13075044 13075044 13075044 13075044 13075040 13075044 13075125 13075125 13075061 13075061 13075061 13075121 13075094 13075121 13075094 13075021 13075021 13075021 -9999 13075114 13075114 13075090 13075090 13075026 13075026 13075152 13075065 13075034 -9999 -9999 -9999 -9999 -9999 -9999 -9999 -9999 -9999 -9999
13072111 13072111 13072111 13072111 13072035 13072031 13072031 13072031 13071027 13071027 13071027 13071157 13071157 13071029 13071029 13071029 13071029 13071076 13071076 13071076 13071076 13075134 13075134 13075009 13075054 13075054 13075054 13075044 13075155 13075155 13075044 13075043 13075043 13075043 13075043 13075061 13075150 13075121 13075094 13075094 13075094 13075021 13075021 -9999 -9999 13075137 13075137 13075129 13075026 13075026 13075026 13075152 13075152 13075034 13075056 -9999 -9999 -9999 -9999 -9999 -9999 -9999 -9999 -9999
13072096 13072111 13072111 13072111 13072004 13072004 13072004 13071027 13071027 13071027 13071027 13071027 13071157 13071029 13071029 13071029 13071029 13071029 13071136 13071136 13071136 13075070 13075070 13075070 13075054 13075140 13075054 13075054 13075155 13075155 13075044 13075043 13075043 13075043 13075043 13075150 13075150 13075150 13075094 13075094 13075094 13075094 -9999 -9999 13075137 13075137 13075137 13075129 13075129 -9999 -9999 -9999 -9999 -9999 -9999 -9999 -9999 -9999 -9999 -9999 -9999 -9999 -9999 -9999
13072096 13072096 13072096 13072096 13072004 13072004 13072004 13071027 13071027 13071027 13071027 13071027 13071157 13071157 13071157 13071029 13071029 13071136 13071136 13071136 13071136 13075070 13075070 13075070 13075054 13075140 13075140 13075155 13075155 13075155 13075155 13075128 13075128 13075128 13075128 13075150 13075150 13075005 13075005 13075005 13075094 -9999 13075137 13075137 13075137 -9999 13075137 -9999 -9999 -9999 -9999 -9999 -9999 -9999 -9999 -9999 -9999 -9999 -9999 -9999 -9999 -9999 -9999 -9999
13072049 13072049 13072096 13072049 13072004 13072004 13072004 13072004 13071027 13071027 13071027 13071157 13071157 13071131 13071029 13071029 13071008 13071148 13071136 13071148 13071136 13075070 13075070 13075070 13075054 13075140 13075140 13075073 13075155 13075155 13075088 13075088 13075128 13075110 13075110 13075110 13075005 13075005 13075005 13075005 13075007 13075007 -9999 -9999 -9999 -9999 -9999 -9999 -9999 -9999 -9999 -9999 -9999 -9999 -9999 -9999 -9999 -9999 -9999 -9999 -9999 -9999 -9999 -9999
13072041 13072103 13072049 13072049 13072066 13072066 13072004 13071109 13071027 13071027 13071027 13071150 13071131 13071131 13071014 13071014 13071008 13071148 13071148 13071148 13071148 13075002 13075002 13075002 13075023 13075023 13071006 13075073 13075073 13075068 13075068 13075088 13075088 13075110 13075013 13075022 13075005 13075005 13075007 13075007 13075007 13075020 13075020 13075020 -9999 -9999 -9999 -9999 -9999 -9999 -9999 -9999 -9999 -9999 -9999 -9999 -9999 -9999 -9999 -9999 -9999 -9999 -9999 -9999
13072041 13072103 13072103 13072049 13072066 13072066 13072066 13071109 13071109 13071109 13071027 13071084 13071150 13071014 13071014 13071008 13071008 13071008 13071148 13071065 13071065 13075002 13075002 13075002 13075023 13071006 13071006 13071006 13075068 13075068 13075068 13075068 13075088 13075088 13075013 13075013 13075022 13075005 13075007 13075098 13075098 13075020 13075020 13075020 -9999 -9999 -9999 -9999 -9999 -9999 -9999 -9999 -9999 -9999 -9999 -9999 -9999 -9999 -9999 -9999 -9999 -9999 -9999 -9999
13072109 13072103 13072103 13072066 13072066 13072066 13072066 13071109 13071109 13071109 13071084 13071084 13071096 13071014 13071014 13071014 13071008 13071008 13071128 13071065 13071065 13071065 13075002 13071044 13071006 13071006 13071006 13071006 13075053 13075053 13075127 13075068 13075088 13075101 13075101 13075022 13075005 13075098 13075098 13075098 13075098 13075029 13075020 13075020 13075075 13075020 -9999 -9999 -9999 -9999 -9999 -9999 -9999 -9999 -9999 -9999 -9999 -9999 -9999 -9999 -9999 -9999 -9999 -9999
13072109 13072109 13072003 13072003 13072003 13071109 13071109 13071109 13071109 13071084 13071084 13071084 13071096 13071014 13071014 13071014 13071128 13071128 13071128 13071065 13071041 13071065 13071044 13071044 13071044 13071017 13075127 13075127 13075053 13075053 13075127 13075127 13075127 13075101 13075101 13075122 13075005 13075116 13075116 13075116 13075029 13075029 13075075 13075075 13075075 13075093 13075093 13075093 -9999 -9999 -9999 -9999 -9999 -9999 -9999 13075003 -9999 -9999 -9999 -9999 -9999 -9999 -9999 -9999
13072106 13072106 13072106 13072106 13072003 13071092 13071109 13071109 13071092 13071084 13071084 13071139 13071014 13071014 13071014 13071064 13071128 13071128 13071128 13071002 13071041 13071041 13071041 13071022 13071022 13071017 13071158 13075127 13075127 13075127 13075127 13075127 13075127 13075127 13075127 13075122 13075122 13075116 13075116 13075029 13075029 13075029 13075029 13075029 13075084 13075093 13075093 13075093 13075136 13075136 13075136 -9999 -9999 13075139 13075139 13075003 13075003 -9999 -9999 -9999 -9999 -9999 -9999 -9999
13072106 13072106 13072106 13072106 13072003 13071092 13071092 13071092 13071084 13071084 13071084 13071048 13071048 13071014 13071072 13071089 13071089 13071089 13071002 13071002 13071059 13071059 13071059 13071044 13071022 13071158 13071158 13075127 13071135 13071035 13075127 13075127 13075127 13075015 13075122 13075122 13075122 13075029 13075029 13075029 13075029 13075029 13075029 13075029 13075084 13075084 13075084 13075136 13075136 13075136 13075136 13075136 13075139 13075139 13075139 13075139 -9999 -9999 -9999 -9999 -9999 -9999 -9999 -9999
13072106 13072106 13072106 13071092 13071092 13071092 13071092 13071092 13071084 13071084 13071084 13071048 13071048 13071072 13071072 13071068 13071081 13071081 13071002 13071146 13071059 13071059 13071004 13071004 13071022 13071049 13071158 13071135 13071135 13071035 13071035 13071035 13075015 13075015 13075015 13075015 13075015 13075015 13075029 13075029 13075029 13075004 13075004 13075084 13075084 13075084 13075089 13075089 13075078 13075078 13075031 13075136 13075139 13075085 13075085 13075085 -9999 -9999 -9999 -9999 -9999 -9999 -9999 -9999
13072045 13072045 13072094 13071092 13071092 13071092 13071092 13071092 13071092 13071084 13071084 13071048 13071142 13071142 13071068 13071068 13071081 13071081 13071125 13071146 13071146 13071120 13071004 13071004 13071049 13071049 13071158 13071158 13071135 13071035 13071009 13071035 13071035 13075015 13075015 13075015 13075015 13075015 13075015 13075029 13075004 13075004 13075004 13075004 13075033 13075033 13075089 13075078 13075078 13075078 13075131 13075031 13075031 13075085 13075085 13075085 13075085 13075085 -9999 -9999 -9999 -9999 -9999 -9999
13072045 13072094 13072094 13071092 13071007 13071092 13071092 13071092 13071092 13071092 13071142 13071142 13071142 13071068 13071068 13071068 13071081 13071125 13071125 13071146 13071120 13071120 13071004 13071004 13071004 13071004 13071050 13071158 13071019 13071009 13071009 13071028 13071035 13071035 13071035 13071035 13071037 13071037 13071037 13071037 13071037 13071037 13075004 13075084 13075084 13075033 13075033 13075078 13075078 13075078 13075031 13075031 13075031 13075031 13075001 13075001 13075085 13075051 -9999 -9999 -9999 -9999 -9999 -9999
13072045 13072094 13072094 13071092 13071007 13071007 13071039 13071039 13071092 13071092 13071060 13071142 13071142 13071142 13071068 13071068 13071163 13071163 13071163 13071163 13071163 13071004 13071004 13071004 13071004 13071050 13071050 13071019 13071019 13071019 13071019 13071028 13071035 13071035 13071035 13071035 13071037 13071037 13071037 13075143 13075143 13075143 13075033 13075033 13075033 13075033 13075033 13075033 13075131 13075131 13075131 13075031 13075031 13075031 13075031 13075051 13075051 13075051 -9999 -9999 -9999 -9999 -9999 -9999
