input/GemNum.asc
NCOLS 128 
NROWS 90 
XLLCORNER 3605567.5 
YLLCORNER 5890349.5 
CELLSIZE 2000 
NODATA_value -9999 
[rows 28 to 55 of 90, columns 0 to 63 of 128]
1057027 1057038 1057038 1055043 1055043 1055043 1055020 1055027 1055027 1055027 1055023 1055036 1055036 1055018 1055010 -9999 -9999 -9999 -9999 -9999 -9999 -9999 -9999 -9999 -9999 -9999 -9999 -9999 -9999 -9999 -9999 -9999 -9999 -9999 -9999 -9999 -9999 -9999 -9999 -9999 -9999 -9999 -9999 -9999 -9999 -9999 -9999 -9999 -9999 -9999 13003000 13003000 13003000 13003000 13072032 13072032 13072032 13073075 13073075 13073055 13073055 13073055 13073055 13073055
1055028 1057034 1057034 1055038 1055038 1055038 1055020 1055027 1055027 1055027 1055016 1055036 1055036 1055016 1055010 -9999 -9999 -9999 -9999 -9999 -9999 -9999 -9999 -9999 -9999 -9999 -9999 -9999 -9999 -9999 -9999 -9999 -9999 -9999 -9999 -9999 -9999 -9999 -9999 -9999 -9999 -9999 -9999 -9999 -9999 -9999 -9999 -9999 -9999 13003000 13003000 13003000 13003000 13072088 13072088 13072088 13072015 13073055 13073055 13073055 13073055 13073055 13073055 13073055
1055028 1055028 1055024 1055038 1055038 1055038 1055027 1055027 1055006 1055029 1055029 1055016 1055016 1055025 1055025 -9999 -9999 -9999 -9999 -9999 -9999 -9999 -9999 -9999 -9999 -9999 -9999 -9999 -9999 -9999 -9999 -9999 -9999 -9999 -9999 -9999 -9999 -9999 -9999 -9999 -9999 -9999 -9999 -9999 -9999 13003000 13003000 13003000 -9999 -9999 13003000 13072088 13072088 13072088 13072088 13072081 13072015 13073055 13073055 13073055 13073055 13073055 13073055 13073055
1055012 1055024 1055024 1055024 1055024 1055038 1055038 1055037 1055006 1055029 1055016 1055016 1055016 1055016 -9999 -9999 -9999 -9999 -9999 -9999 -9999 -9999 -9999 -9999 -9999 -9999 -9999 -9999 -9999 -9999 -9999 -9999 -9999 -9999 -9999 -9999 -9999 -9999 -9999 -9999 -9999 -9999 13072017 13072075 13072075 13072030 13003000 13003000 -9999 13003000 13003000 13072072 13072072 13072012 13072081 13072015 13072015 13072015 13073055 13073055 13073055 13073055 13073055 13073055
1055012 1055012 1055024 1055024 1055002 1055002 1055002 1055037 1055037 1055016 1055016 1055016 1055016 -9999 -9999 -9999 -9999 -9999 -9999 -9999 -9999 -9999 -9999 -9999 -9999 -9999 -9999 -9999 -9999 -9999 -9999 -9999 -9999 -9999 13072008 13072060 13072060 13072060 13072117 13072006 13072006 13072017 13072017 13072017 13072001 13072030 13003000 13003000 -9999 13003000 13003000 13072012 13072012 13072012 13072081 13072081 13072015 13072015 13073055 13073055 13073015 13073015 13073015 13073015
1055012 1055012 1055024 1055024 1055002 1055002 1055002 1055037 1055037 1055037 1055016 -9999 -9999 -9999 -9999 -9999 -9999 -9999 -9999 -9999 -9999 -9999 -9999 -9999 -9999 -9999 -9999 -9999 -9999 -9999 -9999 -9999 -9999 13072085 13072008 13072008 13072060 13072060 13072117 13072099 13072006 13072006 13072006 13072001 13072001 13072001 13003000 13003000 -9999 13003000 13003000 13072012 13072012 13072012 13072019 13072019 13072019 13072091 13072091 13072091 13073015 13073015 13073015 13073015
1055012 1055041 1055041 1055041 1055002 1055002 1055032 1055037 1055037 1055037 -9999 -9999 -9999 -9999 -9999 -9999 -9999 -9999 -9999 -9999 -9999 -9999 -9999 -9999 -9999 -9999 -9999 -9999 -9999 -9999 -9999 -9999 -9999 13072085 13072008 13072008 13072058 13072058 13072058 13072099 13072083 13072006 13072006 13072007 13072007 13072064 13072064 13003000 13003000 13003000 13003000 13003000 13072019 13072019 13072108 13072108 13072108 13072091 13072091 13072091 13072034 13072034 13072102 13072102
1055041 1055041 1055041 1055041 1055041 1055002 1055032 1055032 1055032 -9999 -9999 -9999 -9999 -9999 -9999 -9999 -9999 -9999 -9999 -9999 -9999 -9999 -9999 -9999 -9999 -9999 -9999 -9999 -9999 -9999 -9999 13072085 -9999 13072085 13072085 13072014 13072014 13072058 13072058 13072058 13072083 13072086 13072047 13072006 13072007 13072064 13072057 13003000 13003000 13003000 13003000 13003000 13072087 13072019 13072019 13072091 13072091 13072091 13072091 13072091 13072118 13072118 13072034 13072102
1055041 1055041 1055041 1055039 1055039 1055039 -9999 1055032 -9999 -9999 -9999 -9999 -9999 -9999 -9999 -9999 -9999 -9999 -9999 -9999 -9999 -9999 -9999 -9999 -9999 -9999 -9999 -9999 -9999 -9999 13072085 -9999 -9999 13072085 13072008 13072014 13072014 13072058 13072058 13072058 13072058 13072086 13072047 13072007 13072007 13072098 13072098 13072057 13003000 13003000 13072077 13072029 13072087 13072087 13072029 13072019 13072091 13072091 13072091 13072105 13072118 13072118 13072118 13072107
1055041 1055041 1055041 1055041 1055039 1055039 -9999 -9999 -9999 -9999 -9999 -9999 -9999 -9999 -9999 -9999 -9999 -9999 -9999 -9999 -9999 -9999 -9999 -9999 -9999 -9999 -9999 -9999 -9999 13072085 13072085 -9999 13072005 13072074 13072085 13072014 13072014 13072014 13072058 13072058 13072086 13072086 13072093 13072093 13072093 13072098 13072098 13072057 13072077 13072077 13072077 13072029 13072029 13072029 13072029 13072029 13072091 13072091 13072091 13072105 13072105 13072105 13072107 13072107
1055044 1055041 1055041 1055044 1055044 -9999 -9999 -9999 -9999 -9999 -9999 -9999 -9999 -9999 -9999 -9999 -9999 -9999 -9999 -9999 -9999 -9999 -9999 -9999 -9999 -9999 -9999 -9999 -9999 13072085 -9999 -9999 13072005 13072005 13072074 13072014 13072014 13072014 13072058 13072058 13072058 13072086 13072093 13072093 13072093 13072093 13072121 13072121 13072077 13072077 13072029 13072029 13072029 13072029 13072029 13072029 13072091 13072091 13072021 13072021 13072105 13072105 13072105 13072107
1055044 1055044 1055044 1055044 1055044 -9999 -9999 -9999 -9999 -9999 -9999 -9999 -9999 -9999 -9999 -9999 -9999 -9999 -9999 -9999 -9999 -9999 -9999 -9999 -9999 -9999 -9999 -9999 13074035 -9999 13074009 13074009 13072002 13072074 13072074 13072074 13072022 13072022 13072022 13072058 13072093 13072093 13072093 13072093 13072093 13072093 13072121 13072121 13072080 13072080 13072029 13072029 13072029 13072029 13072029 13072029 13072091 13072021 13072021 13072021 13072097 13072097 13072097 13072097
1055001 1055044 1055044 1055044 1055044 -9999 -9999 -9999 -9999 -9999 -9999 -9999 -9999 -9999 -9999 13074037 13074037 -9999 13074010 -9999 -9999 -9999 -9999 -9999 -9999 -9999 13074035 13074035 13074035 13074007 13074009 13074009 13072002 13072002 13072074 13072022 13072022 13072022 13072022 13072093 13072093 13072093 13072093 13072093 13072093 13072093 13072121 13072121 13072011 13072080 13072029 13072029 13072029 13072029 13072029 13072112 13072112 13072021 13072021 13072112 13072112 13072097 13072097 13072097
1055001 1055044 1055044 1055035 1055035 1055042 -9999 -9999 -9999 -9999 -9999 -9999 -9999 13074037 13074037 13074037 13074037 13074039 13074010 -9999 -9999 -9999 -9999 -9999 -9999 13074035 13074035 13074035 13074035 13074007 13074007 13074007 13074056 13074056 13072022 13072022 13072022 13072022 13072022 13072093 13072093 13072093 13072050 13072093 13072093 13072093 13072018 13072018 13072011 13072011 13072116 13072116 13072027 13072029 13072029 13072112 13072112 13072021 13072112 13072112 13072112 13072097 13072111 13072111
1055001 1055044 1055035 1055035 1055035 1055042 1055042 1055035 1003000 -9999 -9999 13074017 13074037 13074037 13074037 13074037 13074037 13074039 13074039 13074010 13074010 -9999 -9999 -9999 -9999 13074035 13074035 13074035 13074007 13074007 13074007 13074007 13074056 13074056 13074056 13072022 13072022 13074060 13074060 13072093 13072093 13072050 13072050 13072050 13072053 13072053 13072018 13072018 13072095 13072095 13072116 13072116 13072027 13072027 13072027 13072027 13072062 13072062 13072112 13072112 13072112 13072112 13072111 13072111
1055040 1055040 1055035 1055035 1055035 1055042 1055035 1003000 1003000 -9999 13074017 13074017 13074037 13074037 13074037 13074037 13074039 13074039 13074039 13074039 13074039 -9999 -9999 -9999 -9999 -9999 -9999 -9999 -9999 13074044 13074044 13074056 13074056 13074056 13074056 13072022 13074091 13074060 13074060 13072093 13072093 13072050 13072050 13072053 13072053 13072095 13072095 13072095 13072095 13072095 13072116 13072046 13072027 13072027 13072027 13072062 13072062 13072062 13072112 13072112 13072112 13072082 13072082 13072111
1055040 1055040 1055004 1055004 1055035 1055035 1055035 1003000 1003000 1003000 13074017 13074017 13074017 13074017 13074069 13074069 13074016 13074016 13074016 13074039 13074039 -9999 -9999 13074032 13074089 13074089 -9999 -9999 -9999 13074044 13074044 13074056 13074056 13074056 13074091 13074091 13074091 13074023 13074023 13072050 13072050 13072050 13072013 13072078 13072053 13072095 13072095 13072095 13072110 13072095 13072090 13072046 13072046 13072046 13072062 13072062 13072062 13072062 13072062 13072062 13072112 13072082 13072082 13072041
1055040 1055040 1055004 1055035 1055035 1055035 1003000 1003000 1003000 1003000 13074017 13074017 13074017 13074017 13074017 13074069 13074016 13074016 13074016 13074085 13074085 13074032 13074032 13074032 13074089 13074089 13074087 -9999 13074087 13074087 13074034 13074004 13074004 13074004 13074091 13074057 13074023 13074023 13074023 13072050 13072050 13072013 13072013 13072078 13072053 13072053 13072053 13072110 13072110 13072051 13072090 13072090 13072046 13072062 13072062 13072062 13072062 13072062 13072062 13072062 13072082 13072082 13072082 13072041
1055040 1055004 1055004 1003000 1003000 1003000 1003000 1003000 13074076 13074076 1003000 13074017 13074017 13074017 13074069 13074069 13074016 13074016 13074016 13074085 13074085 13074032 13074032 13074032 13074022 13074022 13074087 13074087 13074087 13074087 13074034 13074090 13074004 13074004 13074057 13074057 13074023 13074023 13074023 13072050 13072013 13072013 13072013 13072013 13072020 13072020 13072053 13072110 13072051 13072051 13072071 13072071 13072071 13072062 13072061 13072062 13072062 13072062 13072062 13072062 13072082 13072082 13072082 13072041
1055040 1055040 1003000 1003000 1003000 1003000 1003000 13074076 13074076 13074076 13074076 13074074 13074017 13074093 13074069 13074093 13074093 13074093 13074026 13074026 13074085 13074026 13074026 13074022 13074022 13074022 13074003 13074087 13074087 13074087 13074034 13074090 13074090 13074057 13074057 13074057 13074023 13074046 13072013 13072013 13072013 13072013 13072013 13072101 13072020 13072020 13072020 13072120 13072051 13072039 13072071 13072071 13072071 13072061 13072061 13072079 13072079 13072062 13072062 13072062 13072062 13072113 13072041 13072113
1003000 1003000 1003000 1003000 1003000 13074049 13074049 13074076 13074076 13074076 13074074 13074074 13074074 13074093 13074093 13074093 13074093 13074093 13074026 13074026 13074026 13074026 13074022 13074022 13074022 13074003 13074053 13074019 13074019 13074047 13074047 13074090 13074090 13074090 13074057 13074057 13074046 13074046 13072013 13072013 13072009 13072009 13072013 13072101 13072020 13072020 13072020 13072120 13072039 13072039 13072069 13072069 13072092 13072092 13072061 13072079 13072079 13072079 13072062 13072062 13072113 13072113 13072113 13072113
1003000 1003000 1003000 1003000 1003000 13074049 13074049 13074049 13074074 13074074 13074074 13074074 13074052 13074052 13074027 13074027 13074093 13074026 13074026 13074026 13074026 13074079 13074079 13074008 13074008 13074008 13074053 13074019 13074019 13074019 13074047 13074047 13074090 13074090 13074090 13074090 13074090 13074084 13072013 13072009 13072009 13072009 13072089 13072089 13072020 13072020 13072120 13072120 13072039 13072039 13072069 13072069 13072043 13072043 13072033 13072033 13072079 13072079 13072063 13072063 13072063 13072024 13072024 13072109
1003000 1003000 1003000 1003000 1003000 13074049 13074049 13074049 13074074 13074074 13074074 13074074 13074074 13074052 13074027 13074065 13074005 13074026 13074026 13074026 13074079 13074079 13074079 13074008 13074008 13074008 13074008 13074030 13074019 13074019 13074031 13074047 13074047 13074036 13074036 13074090 13074084 13074084 13074084 13072009 13072009 13072009 13072009 13072089 13072020 13072020 13072020 13072042 13072042 13072042 13072043 13072043 13072043 13072043 13072043 13072033 13072033 13072079 13072063 13072063 13072063 13072038 13072038 13072024
1003000 1003000 1003000 1003000 1053041 13074049 13074049 13074049 13074049 13074074 13074094 13074094 13074067 13074067 13074065 13074005 13074005 13074005 13074079 13074079 13074079 13074077 13074079 13074008 13074008 13074008 13074008 13074030 13074002 13074019 13074031 13074082 13074036 13074036 13074006 13074006 13074084 13074084 13074084 13074084 13072009 13072009 13072009 13072104 13072028 13072028 13072028 13072042 13072042 13072042 13072043 13072043 13072043 13072043 13072043 13072043 13072063 13072063 13072063 13072063 13072038 13072038 13072038 13072038
1003000 1003000 1003000 1003000 1053041 1053041 13074049 13074049 13074049 13074094 13074094 13074094 13074065 13074065 13074065 13074065 13074065 13074079 13074079 13074071 13074071 13074077 13074077 13074008 13074008 13074008 13074008 13074002 13074002 13074031 13074031 13074082 13074082 13074006 13074006 13076167 13076011 13074084 13074084 13072114 13072114 13072114 13072114 13072104 13072028 13072104 13072104 13072104 13072042 13072044 13072044 13072043 13072043 13072043 13072043 13072043 13072063 13072063 13072063 13072063 13072063 13072040 13072040 13072106
1003000 1053075 1053067 1053043 1053043 1053043 13074049 13074078 13074066 13074066 13074013 13074013 13074042 13074042 13074042 13074065 13074092 13074092 13074081 13074081 13074071 13074077 13074077 13074077 13074008 13074088 13074088 13074002 13074002 13074031 13076033 13074082 13074006 13074006 13076167 13076167 13076011 13076011 13076011 13076128 13072114 13072114 13072114 13072114 13072104 13072104 13072104 13072042 13072042 13072044 13072044 13072043 13072073 13072073 13072073 13072073 13072063 13072063 13072063 13072063 13072063 13072040 13072040 13072045
1053103 1053067 1053067 1053043 1053043 13074080 13074078 13074078 13074066 13074066 13074013 13074013 13074042 13074042 13074065 13074092 13074092 13074092 13074081 13074081 13074054 13074054 13074015 13074001 13074001 13074088 13074088 13074002 13074048 13076033 13076033 13076033 13076033 13076167 13076167 13076167 13076020 13076011 13076011 13076128 13076128 13076128 13072114 13072114 13072114 13076155 13072042 13072042 13072042 13072044 13072044 13072044 13072073 13072073 13072073 13072048 13072048 13072063 13072063 13072063 13072063 13072063 13072040 13072040
1053103 1053103 1053009 1053098 1053100 13074080 13074080 13074073 13074073 13074013 13074013 13074013 13074042 13074042 13074065 13074092 13074021 13074021 13074081 13074081 13074081 13074054 13074015 13074001 13074001 13074048 13074048 13074048 13074048 13074048 13076033 13076033 13076078 13076078 13076020 13076020 13076020 13076020 13076148 13076128 13076128 13076128 13076155 13076155 13076155 13076101 13072042 13072042 13072055 13072067 13072119 13072119 13072056 13072056 13072056 13072048 13072048 13072063 13072063 13072063 13072063 13072063 13072063 13072045
