input/GemNum.asc
NCOLS 128 
NROWS 90 
XLLCORNER 3605567.5 
YLLCORNER 5890349.5 
CELLSIZE 2000 
NODATA_value -9999 
[rows 56 to 83 of 90, columns 0 to 63 of 128]
1053120 1053009 1053040 1053098 1053018 1053102 1053088 13074073 13074073 13074028 13074018 13074018 13074042 13074068 13074033 13074033 13074021 13074021 13074081 13074081 13074081 13074054 13074015 13074001 13074001 13074038 13074048 13074048 13074048 13074048 13076033 13076024 13076078 13076078 13076078 13076020 13076020 13076148 13076148 13076128 13076128 13076128 13076128 13076128 13076101 13076101 13076101 13072055 13072055 13072067 13072119 13072119 13072056 13072056 13072056 13072056 13072048 13072048 13072059 13072063 13072063 13071154 13072023 13072045
1053094 1053034 1053078 1053078 1053026 1053100 1053088 1053088 13074073 13074018 13074018 13074018 13074068 13074068 13074033 13074021 13074021 13074021 13074021 13074020 13074020 13074020 13074014 13074014 13074038 13074038 13074038 13074075 13074048 13076082 13076024 13076024 13076024 13076078 13076078 13076078 13076148 13076148 13076148 13076128 13076072 13076128 13076128 13076128 13076015 13076101 13076101 13072067 13072067 13072067 13072119 13072119 13072084 13072084 13072084 13072056 13072059 13072059 13072059 13072059 13072063 13071154 13071154 13072023
1053077 1053008 1053008 1053033 1053100 1053100 1053100 1053136 1053136 1053093 1053062 13074068 13074068 13074068 13074021 13074021 13074021 13074021 13074021 13074050 13074012 13074020 13074012 13074012 13074062 13074038 13074038 13004000 13076082 13076082 13076082 13076080 13076080 13076078 13076078 13076078 13076148 13076148 13076148 13076072 13076072 13076128 13076026 13076026 13076015 13076015 13076015 13076015 13072067 13072067 13072067 13072084 13072084 13072084 13072084 13072056 13072056 13072059 13072059 13072026 13071154 13071154 13071154 13071154
1053077 1053081 1053081 1053001 1053030 1053110 1053110 1053107 1053136 1053093 1053062 13074040 13074040 13074068 13074043 13074043 13074043 13074064 13074050 13074050 13074012 13074012 13074012 13074012 13004000 13004000 13004000 13004000 13004000 13076082 13076082 13076080 13076080 13076078 13076078 13076078 13076148 13076148 13076029 13076029 13076072 13076026 13076026 13076026 13076062 13076015 13076015 13076032 13076032 13072067 13072084 13072084 13072084 13072056 13072056 13072056 13072056 13072026 13072026 13072026 13071063 13071063 13071154 13071154
1053097 1053097 1053081 1053081 1053030 1053110 1053110 1053107 1053107 1053107 1053062 1053062 13074040 13074043 13074043 13074043 13074064 13074064 13074064 13074050 13074024 13074012 13074012 13076154 13004000 13004000 13004000 13004000 13004000 13076082 13076082 13076044 13076044 13076025 13076025 13076029 13076029 13076029 13076029 13076029 13076072 13076072 13076062 13076062 13076062 13076062 13076032 13076032 13076032 13076032 13076032 13076032 13076032 13072056 13072056 13072056 13072026 13072026 13072026 13072026 13071063 13071063 13071078 13071078
1053097 1053097 1053090 1053090 1053030 1053057 1053123 1053123 1053123 1053117 1053107 13076159 13076159 13074043 13074043 13074043 13074043 13074072 13074072 13074050 13074024 13074024 13074025 13076154 13076154 13004000 13004000 13004000 13004000 13004000 13076082 13076112 13076025 13076025 13076025 13076029 13076029 13076029 13076029 13076029 13076072 13076072 13076062 13076062 13076096 13076135 13076135 13076032 13076032 13076032 13076048 13076032 13076032 13076032 13072056 13072056 13072026 13072026 13072026 13072026 13071063 13071063 13071063 13071069
1053005 1053005 1053002 1053090 1053090 1053057 1053123 1053123 1053117 1053117 1053117 13076159 13076159 13076159 13074070 13074043 13074043 13074072 13074072 13074024 13074024 13074024 13074025 13074025 13076071 13004000 13004000 13004000 13004000 13004000 13076117 13076112 13076025 13076025 13076025 13076025 13076007 13076007 13076023 13076023 13076023 13076162 13076162 13076096 13076096 13076135 13076135 13076135 13076048 13076048 13076048 13076104 13076104 13076104 13076114 13072026 13072026 13072026 13072026 13072026 13071063 13071063 13071063 13071069
1053014 1053014 1053090 1053090 1053016 1053057 1053046 1053123 1053117 1053117 1053117 13076159 13076159 13076159 13076153 13074070 13076153 13074072 13074061 13074061 13076036 13074025 13074025 13076071 13076071 13004000 13004000 13004000 13004000 13004000 13076117 13076112 13076025 13076025 13076025 13076025 13076007 13076025 13076023 13076023 13076023 13076162 13076162 13076096 13076096 13076096 13076135 13076135 13076135 13076048 13076048 13076048 13076104 13076104 13076114 13076114 13072026 13071001 13071113 13071113 13071063 13071063 13071069 13071069
1053095 1053014 1053037 1053037 1053084 1053084 1053046 1053054 1053066 1053066 1053117 13076159 13076159 13076159 13076153 13076153 13076153 13076153 13074061 13074061 13076036 13076036 13076163 13076130 13076130 13076107 13004000 13004000 13076113 13076113 13076113 13076133 13076133 13076025 13076025 13076025 13076007 13076025 13076025 13076162 13076162 13076162 13076162 13076096 13076096 13076135 13076048 13076135 13076048 13076048 13076048 13076048 13076104 13076104 13076104 13076114 13076114 13071001 13071001 13071113 13071113 13071113 13071069 13071069
1053126 1053134 1053134 1053037 1053084 1053046 1053046 1053046 1053066 13076159 13076159 13076159 13076159 13076159 13076153 13076153 13076153 13076153 13076153 13076036 13076036 13076036 13076036 13076130 13076107 13076107 13004000 13004000 13004000 13076113 13076113 13076113 13076133 13076140 13076025 13076158 13076158 13076025 13076038 13076162 13076162 13076162 13076162 13076164 13076164 13076135 13076048 13076048 13076109 13076048 13076040 13076104 13076104 13076104 13076114 13076114 13071001 13071001 13071001 13071113 13071113 13071113 13071113 13071069
1053104 1053056 1053056 1053037 1053010 1053046 1053046 1053046 13076159 13076159 13076159 13076159 13076159 13076159 13076153 13076153 13076153 13076153 13076153 13076036 13076121 13076121 13076147 13076147 13076063 13076063 13076063 13076086 13076086 13076113 13076113 13076113 13076133 13076140 13076140 13076158 13076038 13076038 13076038 13076038 13076038 13076164 13076164 13076164 13076164 13076164 13076151 13076109 13076109 13076109 13076040 13076040 13076040 13076006 13076006 13076114 13071001 13071001 13071001 13071113 13071138 13071138 13071069 13071069
1053104 1053104 1053048 1053035 1053010 1053046 1053046 13076092 13076092 13076092 13076092 13076159 13076073 13076153 13076153 13076152 13076153 13076153 13076153 13076153 13076041 13076041 13076121 13076147 13076063 13076063 13076134 13076134 13076086 13076005 13076005 13076005 13076140 13076140 13076140 13076140 13076085 13076038 13076038 13076035 13076035 13076164 13076164 13076164 13076051 13076051 13076151 13076109 13076109 13076109 13076040 13076040 13076040 13076006 13076006 13076114 13076114 13071001 13071001 13071093 13071093 13071093 13071093 13071043
1053119 1053029 1053029 1053080 1053010 1053046 1053046 13076039 13076092 13076092 13076092 13076073 13076073 13076153 13076152 13076152 13076152 13076152 13076153 13076065 13076065 13076041 13076004 13076004 13076002 13076134 13076134 13076134 13076086 13076086 13076005 13076005 13076140 13076140 13076140 13076085 13076085 13076085 13076035 13076035 13076035 13076108 13076164 13076120 13076051 13076051 13076151 13076151 13076089 13076089 13076089 13076089 13076040 13076006 13076114 13076114 13076114 13076114 13071001 13071093 13071093 13071093 13071093 13071043
1053119 1053029 1053029 1053080 1053080 1053080 13076055 13076039 13076039 13076039 13076073 13076073 13076073 13076153 13076152 13076152 13076152 13076152 13076013 13076060 13076060 13076041 13076004 13076064 13076002 13076064 13076064 13076141 13076086 13076086 13076005 13076005 13076005 13076140 13076140 13076085 13076085 13076035 13076035 13076035 13076035 13076108 13076120 13076120 13076120 13076051 13076051 13076089 13076089 13076089 13076089 13076089 13076006 13076114 13076114 13076114 13076114 13076114 13071036 13071093 13071093 13071093 13071114 13071114
1053020 1053020 1053015 1053015 1053080 13076055 13076055 13076055 13076055 13076039 13076142 13076073 13076142 13076142 13076152 13076152 13076152 13076152 13076060 13076060 13076060 13076060 13076060 13076064 13076064 13076064 13076141 13076118 13076141 13076005 13076005 13076005 13076105 13076105 13076105 13076085 13076085 13076085 13076108 13076108 13076108 13076108 13076108 13076108 13076108 13076120 13076089 13076089 13076089 13076077 13076089 13076006 13076006 13076114 13076114 13076114 13076114 13071171 13071036 13071036 13071036 13071036 13071114 13071155
1053132 1053132 1053015 13076055 13076054 13076055 13076055 13076055 13076055 13076142 13076142 13076142 13076142 13076142 13076142 13076152 13076152 13076152 13076152 13076060 13076060 13076060 13076070 13076070 13076064 13076118 13076118 13076118 13076118 13076118 13076118 13076105 13076105 13076105 13076105 13076108 13076085 13076085 13076108 13076108 13076108 13076108 13076108 13076108 13076120 13076120 13076089 13076089 13076089 13076077 13076077 13076077 13076077 13076114 13076114 13076114 13076114 13071171 13071036 13071036 13071036 13071155 13071155 13071155
1053022 13076122 13076122 13076122 13076054 13076054 13076055 13076009 13076009 13076009 13076142 13076142 13076142 13076142 13076152 13076152 13076169 13076169 13076060 13076060 13076060 13076060 13076070 13076099 13076099 13076118 13076118 13076118 13076087 13076118 13076156 13076105 13076105 13076105 13076105 13076126 13076126 13076126 13076108 13076108 13076108 13076108 13076108 13076108 13076125 13076120 13076089 13076089 13076075 13076075 13076165 13076165 13076165 13076166 13076166 13076166 13076114 13071171 13071036 13071036 13071036 13071036 13071088 13071088
1053022 13076122 13076122 13076122 13076014 13076054 13076054 13076009 13076009 13076009 13076142 13076142 13076142 13076142 13076142 13076152 13076169 13076169 13076169 13076060 13076060 13076060 13076099 13076099 13076099 13076118 13076118 13076087 13076087 13076087 13076156 13076156 13076105 13076105 13076105 13076126 13076126 13076126 13076126 13076108 13076108 13076108 13076108 13076108 13076125 13076125 13076089 13076089 13076075 13076075 13076165 13076165 13076165 13076166 13076166 13076166 13076166 13071143 13071143 13071036 13071036 13071088 13071088 13071088
1053082 13076106 13076106 13076014 13076014 13076014 13076102 13076009 13076009 13076138 13076142 13076142 13076142 13076142 13076142 13076169 13076169 13076169 13076110 13076110 13076060 13076079 13076099 13076131 13076131 13076131 13076111 13076111 13076087 13076156 13076156 13076105 13076105 13076105 13076105 13076017 13076126 13076126 13076126 13076108 13076108 13076108 13076108 13076125 13076125 13076125 13076125 13076125 13076125 13076075 13076165 13076166 13076166 13076166 13076166 13076166 13076166 13071143 13071143 13071003 13071003 13071034 13071088 13071023
1053082 13076106 13076106 13076014 13076014 13076014 13076102 13076102 13076138 13076030 13076030 13076030 13076142 13076142 13076142 13076116 13076116 13076145 13076145 13076145 13076060 13076079 13076079 13076079 13076131 13076111 13076111 13076111 13076087 13076156 13076156 13076105 13076105 13076105 13076105 13076017 13076012 13076126 13076129 13076056 13076056 13076056 13076168 13076168 13076168 13076125 13076125 13076125 13076125 12070266 13076165 13076165 13076166 13076166 13076166 13076166 13076166 13071143 13071003 13071003 13071003 13071034 13071034 13071023
13076106 13076106 13076014 13076014 13076014 13076014 13076102 13076102 13076010 13076138 13076030 13076030 13076016 13076016 13076142 13076116 13076116 13076145 13076145 13076145 13076119 13076119 13076019 13076019 13076111 13076111 13076146 13076146 13076090 13076090 13076058 13076058 13076105 13076105 13076012 13076012 13076012 13076129 13076129 13076129 13076056 13076168 13076168 13076168 13076168 13076168 13076168 13076125 12070266 12070266 12070266 12070266 12070266 12070266 12070280 13076166 13076166 13076166 13076166 13071034 13071034 13071034 13071034 13071023
3355018 3355018 3355009 3355009 3355009 13076014 13076136 13076136 13076010 13076010 13076010 13076016 13076016 13076016 13076142 13076116 13076116 13076145 13076088 13076119 13076119 13076119 13076057 13076019 13076001 13076111 13076090 13076146 13076090 13076090 13076090 13076058 13076058 13076058 13076105 13076012 13076012 13076129 13076129 13076068 13076068 13076068 13076168 13076168 13076168 13076168 13076168 13076168 12070266 12070266 12070266 12070266 12070266 12070266 12070266 12070280 12070280 12070280 13071034 13071034 13071034 13071175 13071175 13071175
3355018 3355009 3355009 3355009 3355009 3355009 13076136 13076136 13076136 13076010 3355049 3355049 3355049 13076088 13076088 13076088 13076088 13076088 13076088 13076008 13076008 13076008 13076057 13076001 13076001 13076001 13076090 13076090 13076090 13076090 13076090 13076058 13076050 13076058 13076050 13076100 13076100 13076100 13076068 13076068 13076068 13076160 13076160 13076160 13076168 13076168 13076168 13076168 12070325 12070325 12070266 12070266 12070266 12070266 12070280 12070280 12070280 12068468 12068468 12068468 13071175 13071175 13071175 13071175
3355021 3355009 3355009 3355009 3355009 3355009 3355009 13076136 13076136 3355049 3355049 3355049 3355049 3355049 13076088 13076088 13076088 13076088 13076088 13076008 13076008 13076001 13076001 13076001 13076001 13076046 13076046 13076090 13076090 13076090 13076090 13076090 13076050 13076050 13076115 13076161 13076161 13076098 13076098 13076098 13076160 13076160 13076160 13076160 13076168 13076168 12070325 12070325 12070325 12070325 12070325 12070325 12070266 12070266 12070280 12070280 12070280 12070280 12068468 12068468 12068468 13071175 13071175 13071175
3355032 3355026 3355009 3355009 3355009 3355009 3355009 3355049 3355049 3355049 3355049 3355049 3355049 3355049 13076088 13076088 13076088 13076088 13076088 13076088 13076143 13076001 13076001 13076046 13076046 13076046 13076090 13076090 13076069 13076069 13076069 13076050 13076050 13076050 13076115 13076161 13076161 13076003 13076098 13076098 13076160 13076021 13076160 13076160 12070028 13076168 12070325 12070325 12070325 12070325 12070325 12070393 12070222 12070222 12070096 12070153 12070153 12070153 12068468 12068468 12068468 12068468 13071175 13071175
3355032 3355026 3355026 3355009 3355009 3355009 3355009 3355009 3355049 3355049 3355049 3355049 3355049 3355049 3355049 13076088 13076088 13076088 13076088 13076143 13076143 13076046 13076046 13076046 13076053 13076090 13076090 13076037 13076037 13076037 13076069 13076050 13076050 13076050 13076115 13076115 13076115 13076003 13076003 13076027 13076021 13076021 13076160 12070028 12070028 12070325 12070325 12070325 12070325 12070325 12070325 12070393 12070222 12070096 12070096 12070153 12070153 12070153 12070153 12068468 12068468 12068468 12068468 12068468
3355026 3355026 3355026 3355009 3355009 3355009 3355009 3355009 3355049 3355049 3355049 3355049 3355049 3355049 3355049 13076088 13076088 13076088 13076088 13076143 13076143 13076143 13076143 13076053 13076053 13076018 13076018 13076018 13076037 13076037 13076050 13076050 13076076 13076076 13076076 13076115 13076115 13076003 13076027 13076027 13076021 12070028 12070028 12070028 12070300 12070300 12070325 12070325 12070325 12070325 12070393 12070393 12070222 12070096 12070096 12070096 12070153 12070153 12070153 12068468 12068468 12068468 12068468 12068468
3355030 3355036 3355026 3355013 3355013 3355009 3355009 3355009 3355009 3355009 3355049 3355049 3355049 3355049 3355049 3355049 13076088 13076143 13076088 13076143 13076143 13076143 13076053 13076053 13076053 13076067 13076093 13076037 13076037 13076049 13076049 13076049 13076076 13076076 12070173 12070173 12070173 12070173 13076027 12070173 12070173 12070028 12070028 12070300 12070300 12070300 12070325 12070325 12070325 12070325 12070393 12070393 12070222 12070222 12070316 12070096 12070153 12070153 12068181 12068181 12068181 12068181 12068468 12068468
