input/GemNum.asc
NCOLS 128 
NROWS 90 
XLLCORNER 3605567.5 
YLLCORNER 5890349.5 
CELLSIZE 2000 
NODATA_value -9999 
[rows 56 to 83 of 90, columns 64 to 127 of 128]
13072023 13072094 13072094 13071007 13071007 13071007 13071007 13071039 13071092 13071092 13071060 13071142 13071142 13071123 13071123 13071068 13071068 13071163 13071160 13071160 13071160 13071004 13071004 13071004 13071004 13071104 13071019 13071019 13071019 13071019 13071028 13071028 13071035 13071035 13071035 13071037 13071037 13071037 13075143 13075143 13075143 13075143 13075143 13075143 13075143 13075131 13075131 13075131 13075131 13075131 13075131 13075031 13075031 13075031 13075031 13075001 13075001 13075051 13075051 -9999 -9999 -9999 -9999 -9999
13072023 13072023 13072023 13072023 13071007 13071007 13071039 13071032 13071032 13071169 13071070 13071070 13071070 13071070 13071123 13071123 13071079 13071079 13071160 13071160 13071160 13071160 13071057 13071057 13071104 13071104 13071019 13071141 13071019 13071019 13071028 13071035 13071035 13071035 13071035 13071037 13071037 13071037 13071037 13071037 13075048 13075048 13075143 13075143 13075143 13075131 13075131 13075131 13075131 13075131 13075131 13075131 13075031 13075031 13075031 13075031 13075051 13075051 13075051 -9999 -9999 -9999 -9999 -9999
13071078 13071078 13072023 13071103 13071103 13071103 13071039 13071032 13071032 13071169 13071070 13071070 13071074 13071018 13071123 13071123 13071127 13071079 13071079 13071160 13071016 13071016 13071057 13071057 13071145 13071145 13071111 13071111 13071141 13071141 13071028 13071035 13071035 13071035 13071035 13071035 13071037 13071037 13071037 13071037 13071037 13075048 13075118 13075118 13075143 13075055 13075055 13075045 13075045 13075131 13075131 13075131 13075138 13075138 13075138 13075051 13075051 13075051 13075051 -9999 -9999 -9999 -9999 -9999
13071078 13071103 13071103 13071103 13071103 13071103 13071032 13071032 13071032 13071169 13071169 13071074 13071074 13071018 13071018 13071018 13071127 13071079 13071079 13071079 13071016 13071016 13071161 13071161 13071145 13071145 13071111 13071108 13071108 13071028 13071028 13071028 13071035 13071035 13071035 13071035 13071035 13071037 13071037 13075130 13075130 13075130 13075130 13075118 13075118 13075055 13075055 13075045 13075045 13075045 13075138 13075138 13075138 13075138 13075138 13075119 13075119 13075012 13075012 -9999 -9999 -9999 -9999 -9999
13071078 13071103 13071103 13071103 13071172 13071172 13071172 13071172 13071172 13071032 13071074 13071074 13071074 13071015 13071127 13071127 13071127 13071102 13071102 13071102 13071016 13071170 13071170 13071107 13071145 13071145 13071108 13071108 13071108 13071035 13071035 13071035 13071035 13071130 13071130 13071130 13071130 13071130 13071132 13075130 13075130 13075130 13075118 13075118 13075055 13075055 13075055 13075055 13075045 13075138 13075138 13075138 13075138 13075138 13075138 13075119 13075119 13075119 13075012 -9999 -9999 -9999 -9999 -9999
13071047 13071047 13071047 13071047 13071172 13071172 13071172 13071172 13071172 13071032 13071056 13071056 13071056 13071101 13071127 13071127 13071127 13071102 13071102 13071010 13071010 13071170 13071170 13071107 13071107 13071107 13071108 13071140 13071140 13071140 13071140 13071035 13071083 13071083 13071054 13071054 13071153 13071153 13071132 13071132 13075130 13075130 13075055 13075055 13075055 13075126 13075126 13075055 13075055 13075105 13075138 13075071 13075063 13075063 13075063 13075119 13075119 13075119 13075012 -9999 -9999 -9999 -9999 -9999
13071069 13071047 13071047 13071047 13071047 13071156 13071172 13071172 13071144 13071172 13071056 13071056 13071101 13071101 13071115 13071115 13071102 13071102 13071102 13071010 13071115 13071166 13071107 13071107 13071107 13071107 13071107 13071140 13071117 13071117 13071140 13071083 13071083 13071083 13071054 13071054 13071054 13071054 13071132 13075130 13075130 13075130 13075042 13075042 13075055 13075126 13075126 13075105 13075105 13075105 13075105 13075071 13075063 13075063 13075063 13075119 13075119 13075119 13075119 13075012 -9999 -9999 -9999 -9999
13071069 13071047 13071047 13071047 13071047 13071156 13071156 13071144 13071144 13071174 13071056 13071056 13071101 13071101 13071115 13071115 13071115 13071115 13071173 13071173 13071115 13071166 13071166 13071107 13071107 13071107 13071107 13071140 13071117 13071117 13071026 13071105 13071105 13071105 13071054 13071054 13071054 13071054 13075130 13075130 13075130 13075130 12073579 13075042 13075055 13075126 13075126 13075105 13075105 13075105 13075105 13075109 13075149 13075149 13075119 13075119 13075119 13075016 13075012 13075012 13075012 -9999 -9999 -9999
13071069 13071069 13071156 13071156 13071156 13071156 13071156 13071144 13071174 13071174 13071056 13071056 13071101 13071101 13071115 13071115 13071115 13071115 13071173 13071173 13071115 13071166 13071166 13071107 13071107 13071107 13071021 13071021 13071117 13071026 13071026 13071026 13071090 13071164 13071164 13071164 13071164 13071164 13071164 13075130 13075130 13075130 12073579 12073579 12073579 13075104 13075104 13075104 13075105 13075105 13075109 13075149 13075149 13075117 13075117 13075079 13075016 13075016 13075108 13075113 13075113 -9999 -9999 -9999
13071069 13071069 13071156 13071156 13071156 13071156 13071156 13071156 13071174 13071174 13071174 13071101 13071101 13071101 13071005 13071115 13071115 13071115 13071115 13071115 13071173 13071166 13071107 13071021 13071021 13071021 13071021 13071021 13071090 13071090 13071090 13071026 13071090 13071164 13071164 13071164 13071164 13071164 13071164 13075130 13075130 13075130 13075130 12073579 12073579 13075017 13075017 13075115 13075115 13075105 13075032 13075109 13075117 13075117 13075117 13075079 13075079 13075108 13075108 13075113 13075113 -9999 -9999 -9999
13071069 13071069 13071069 13071156 13071156 13071156 13071156 13071071 13071071 13071071 13071174 13071174 13071101 13071101 13071005 13071115 13071115 13071115 13071115 13071115 13071115 13071107 13071107 13071055 13071067 13071021 13071021 13071021 13071090 13071090 13071090 13071090 13071164 13071164 13071164 13071164 13071164 13071164 13071164 12073579 12073579 12073579 12073579 12073579 12073579 12073579 13075017 13075115 13075115 13075115 13075032 13075032 13075032 13075011 13075011 13075011 13075079 13075108 13075113 13075113 13075113 13075113 -9999 -9999
13071043 13071069 13071077 13071077 13071156 13071156 13071156 13071071 13071071 13071071 13071174 13071174 13071005 13071005 13071005 13071115 13071115 13071115 13071115 13071115 13071115 13071107 13071055 13071055 13071067 13071067 13071021 13071021 13071021 13071090 13071090 13071090 13071164 13071164 13071164 13071164 13071164 13071164 12073579 12073579 12073579 12073579 12073579 12073579 12073579 12073579 13075103 13075103 13075115 13075115 13075115 13075032 13075032 12073085 13075011 13075011 13075011 13075113 13075113 13075113 13075038 13075038 -9999 -9999
13071043 13071043 13071077 13071077 13071156 13071156 13071156 13071071 13071071 13071071 13071071 13071071 13071080 13071005 13071080 13071075 13071075 13071075 13071075 13071066 13071066 13071107 13071055 13071055 13071067 13071021 13071021 13071021 13071021 13071021 13071090 13071164 13071164 13071164 13071164 13071164 13071164 12073579 12073579 12073579 12073579 12073579 12073579 12073579 12073579 12073579 13075103 12073216 12073520 12073520 12073520 13075032 12073085 12073085 12073085 12073085 12073085 13075113 13075113 13075113 13075038 13075038 -9999 -9999
13071043 13071043 13071137 13071077 13071156 13071156 13071156 13071156 13071156 13071071 13071071 13071071 13071080 13071080 13071080 13071075 13071075 13071075 13071066 13071066 13071012 13071012 13071012 13071055 13071011 13071021 13071100 13071100 13071100 13071164 13071164 13071164 13071164 13071164 13071164 13071164 13071164 12073579 12073579 12073579 12073579 12073579 12073579 12073579 12073579 12073216 12073216 12073216 12073520 12073520 12073520 12073085 12073085 12073085 12073085 12073085 12073085 13075035 13075035 13075038 13075038 13075038 -9999 -9999
13071137 13071137 13071137 13071156 13071156 13071156 13071156 13071156 13071156 13071071 13071071 13071071 13071080 13071080 13071080 13071080 13071075 13071075 13071075 13071012 13071012 13071012 13071011 13071011 13071011 13071011 13071100 13071100 13071100 13071100 13071164 13071033 13071033 13071164 13071164 12073429 12073429 12073429 12073429 12073429 12073429 12073429 12073429 12073452 12073452 12073216 12073452 12073452 12073216 12073520 12073490 12073093 12073085 12073085 12073085 12073085 12073085 13075035 13075035 13075067 13075067 13075038 13075038 -9999
13071053 13071137 13071045 13071045 13071156 13071156 13071156 13071156 13071156 13071122 13071122 13071080 13071080 13071080 13071110 13071075 13071110 13071110 13071012 13071012 13071012 13071012 13071011 13071011 13071011 13071011 13071011 13071100 13071100 13071033 13071033 13071033 13071033 13071033 13071033 12073429 12073429 12073429 12073429 12073429 12073429 12073429 12073429 12073452 12073452 12073452 12073452 12073490 12073490 12073490 12073490 12073093 12073093 12073085 12073085 12073085 12073085 13075067 13075067 13075067 13075067 13075038 13075095 -9999
13071053 13071124 13071045 13071124 13071176 13071176 13071176 13071176 13071176 13071122 13071122 13071080 13071080 13071080 13071110 13071110 13071110 13071110 13071110 13071012 13071025 13071025 13071025 13071011 13071011 13071011 13071058 13071100 13071033 13071033 13071033 13071033 13071033 13071033 12073429 12073429 12073429 12073429 12073429 12073429 12073429 12073429 12073452 12073452 12073452 12073452 12073452 12073490 12073490 12073490 12073093 12073458 12073093 12073085 12073085 12073085 13075107 13075067 13075067 13075067 13075095 13075095 13075095 -9999
13071088 13071124 13071124 13071176 13071176 13071176 13071176 13071176 13071176 13071122 13071122 13071099 13071099 13071099 13071099 13071110 13071110 13071110 13071110 13071110 13071110 13071025 13071025 13071025 13071025 13071025 13071058 13071033 13071033 13071033 13071033 13071033 13071033 13071033 12073429 12073429 12073429 12073429 12073429 12073429 12073429 12073429 12073452 12073452 12073452 12073452 12073452 12073490 12073261 12073261 12073458 12073458 12073093 12073458 12073458 12073085 13075107 13075107 13075067 13075107 13075095 13075095 12073393 -9999
13071023 13071023 13071013 13071124 13071124 13071176 13071176 13071122 13071122 13071122 13071122 13071099 13071099 13071099 13071099 13071147 13071110 13071110 13071110 13071110 13071110 13071025 13071025 13071025 13071025 13071025 13071058 13071033 13071033 13071033 13071033 13071033 13071033 13071033 12073069 12073429 12073429 12073429 12073429 12073429 12073429 12073429 12073452 12073452 12073452 12073452 12073452 12073261 12073261 12073261 12073458 12073458 12073458 12073458 12073458 13075107 13075107 13075107 13075107 13075107 12073393 12073393 12073393 12073393
13071023 13071013 13071013 13071124 13071176 13071176 13071122 13071122 13071122 13071122 13071099 13071099 13071099 13071147 13071147 13071147 13071147 13071147 13071110 13071110 13071110 13071110 13071162 13071162 13071025 13071058 13071058 13071058 13071033 13071033 13071033 13071033 13071033 12073069 12073069 12073069 12073069 12073429 12073429 12073429 12073429 12073429 12073452 12073452 12073452 12073452 12073452 12073452 12073261 12073261 12073261 12073458 12073458 12073458 13075107 13075107 13075107 13075107 13075107 13075107 12073565 12073565 12073565 12073393
13071013 13071013 13071097 13071013 13071176 13071176 13071176 13071122 13071122 13071122 13071099 13071099 13071099 13071147 13071147 13071147 13071147 13071147 13071110 13071110 13071110 13071110 13071162 13071162 13071025 13071033 13071033 13071033 13071033 13071033 13071033 13071033 13071033 12073069 12073069 12073069 12073069 12073069 12073069 12073429 12073429 12073429 12073452 12073452 12073429 12073452 12073452 12073452 12073578 12073578 12073578 12073458 12073458 13075107 13075107 13075107 13075107 13075107 13075107 12073565 12073565 12073565 12073189 12073189
13071175 13071013 13071097 13071097 13071118 13071118 13071087 13071087 13071122 13071122 13071099 13071099 13071099 13071147 13071147 13071159 13071147 13071159 13071110 13071110 13071110 13071110 13071110 13071162 13071162 13071033 13071033 13071033 13071033 13071033 13071033 12073069 12073069 12073069 12073069 12073069 12073069 12073069 12073069 12073429 12073429 12073429 12073429 12073429 12073429 12073452 12073452 12073578 12073578 12073578 12073578 12073225 12073225 12073097 12073097 12073097 12073097 12073097 12073097 12073565 12073189 12073189 12073189 12073189
13071175 13071175 13071013 13071097 13071118 13071118 13071087 13071087 13071087 13071099 13071099 13071099 13071099 13071159 13071159 13071159 13071159 13071159 13071159 13071110 13071110 13071110 13071162 13071162 13071033 13071033 12073384 12073384 12073384 13071033 12073069 12073069 12073069 12073069 12073069 12073069 12073069 12073069 12073069 12073429 12073429 12073429 12073429 12073429 12073429 12073452 12073452 12073578 12073578 12073578 12073225 12073225 12073225 12073097 12073097 12073097 12073097 12073097 12073097 12073309 12073189 12073189 12073189 12073189
13071175 13071175 13071073 13071073 13071020 13071020 13071087 13071087 13071099 13071099 13071099 13071099 13071099 13071159 13071159 13071159 13071159 13071159 13071159 13071159 13071042 13071042 13071162 13071162 13071162 12073384 12073384 12073384 12073384 12073384 12073069 12073069 12073069 12073069 12073069 12073069 12073069 12073069 12073069 12073069 12073429 12073429 12073429 12073429 12073430 12073430 12073430 12073430 12073430 12073578 12073225 12073225 12073225 12073097 12073097 12073097 12073097 12073097 12073309 12073309 12073309 12073189 12073189 -9999
12068468 12068468 13071073 13071073 13071020 13071020 13071087 13071087 13071099 13071099 13071099 13071099 13071099 13071099 13071167 13071159 13071167 13071159 13071119 13071119 13071042 12065084 12065084 13071162 13071162 12073384 12073384 12073384 12073384 12073384 12073069 12073069 12073069 12073069 12073069 12073069 12073069 12073069 12073069 12073069 12073069 12073201 12073201 12073430 12073430 12073430 12073430 12073430 12073430 12073225 12073225 12073645 12073645 12073645 12073097 12073097 12073097 12073097 12073309 12073309 12073309 12073189 12073189 -9999
12068468 12068468 12068468 12068468 12068468 12068468 13071087 13071133 13071133 13071133 13071099 13071099 13071099 13071099 13071167 13071167 13071159 13071159 13071119 13071119 12065084 12065084 12065084 12065084 12065084 12073384 12073384 12073384 12073384 12073384 12073384 12073572 12073069 12073069 12073069 12073069 12073572 12073572 12073069 12073069 12073404 12073201 12073201 12073201 12073201 12073430 12073430 12073430 12073430 12073225 12073225 12073645 12073645 12073603 12073603 12073603 12073603 12073097 12073309 12073309 12073309 12073309 12073189 -9999
12068468 12068468 12068468 12068468 12068468 12068468 12068468 12068468 12068468 13071133 13071099 13071099 13071099 13071099 13071167 13071167 13071159 13071159 13071119 13071119 12065084 12065084 12065084 12065084 12065084 12065084 12073384 12073384 12073384 12073384 12073572 12073572 12073572 12073572 12073572 12073572 12073572 12073572 12073404 12073404 12073404 12073201 12073201 12073201 12073201 12073157 12073430 12073430 12073225 12073225 12073225 12073645 12073603 12073603 12073603 12073603 12073603 12073532 12073532 12073532 12073532 12073532 12073189 -9999
12068468 12068468 12068468 12068468 12068468 12068468 12068353 12068468 13071133 13071133 13071133 12068353 13071167 13071167 13071167 12068353 13071159 13071159 12065084 12065084 12065084 12065084 12065084 12065084 12065084 12065084 12065084 12073384 12073384 12073384 12073572 12073572 12073572 12073572 12073572 12073572 12073572 12073572 12073572 12073404 12073201 12073201 12073201 12073157 12073157 12073157 12073430 12073430 12073430 12073225 12073008 12073645 12073603 12073603 12073603 12073532 12073532 12073532 12073532 12073532 12073532 12073532 12073532 -9999
