input/mvp_realData_raster.asc
NCOLS 128 
NROWS 90 
XLLCORNER 3605567.5 
YLLCORNER 5890349.5 
CELLSIZE 2000 
NODATA_value -9999 
[rows 29 to 57 of 90, columns 0 to 63 of 128]
-9999 -9999 -9999 -9999 -9999 -9999 -9999 -9999 -9999 -9999 -9999 -9999 -9999 -9999 -9999 -9999 -9999 -9999 -9999 -9999 -9999 -9999 -9999 -9999 -9999 -9999 -9999 -9999 -9999 -9999 -9999 -9999 -9999 -9999 -9999 -9999 -9999 -9999 -9999 -9999 -9999 -9999 -9999 -9999 -9999 -9999 -9999 -9999 -9999 13003000 13003000 13003000 13003000 13051066 13051066 13051066 13051011 13057057 13057057 13057057 13057057 13057057 13057057 13057057
-9999 -9999 -9999 -9999 -9999 -9999 -9999 -9999 -9999 -9999 -9999 -9999 -9999 -9999 -9999 -9999 -9999 -9999 -9999 -9999 -9999 -9999 -9999 -9999 -9999 -9999 -9999 -9999 -9999 -9999 -9999 -9999 -9999 -9999 -9999 -9999 -9999 -9999 -9999 -9999 -9999 -9999 -9999 -9999 -9999 13051019 13003000 13003000 -9999 -9999 13003000 13051066 13051066 13051066 13051054 13051054 13051011 13057057 13057057 13057057 13057057 13057057 13057057 13057057
-9999 -9999 -9999 -9999 -9999 -9999 -9999 -9999 -9999 -9999 -9999 -9999 -9999 -9999 -9999 -9999 -9999 -9999 -9999 -9999 -9999 -9999 -9999 -9999 -9999 -9999 -9999 -9999 -9999 -9999 -9999 -9999 -9999 -9999 -9999 -9999 -9999 -9999 -9999 -9999 -9999 -9999 13051013 13051049 13051049 13051019 13003000 13003000 13003000 13003000 13003000 13051046 13051046 13051037 13051037 13051045 13051045 13051045 13057057 13057057 13057057 13057057 13057057 13057078
-9999 -9999 -9999 -9999 -9999 -9999 -9999 -9999 -9999 -9999 -9999 -9999 -9999 -9999 -9999 -9999 -9999 -9999 -9999 -9999 -9999 -9999 -9999 -9999 -9999 -9999 -9999 -9999 -9999 -9999 -9999 -9999 -9999 -9999 13051007 13051042 13051042 13051042 13051083 13051083 13051004 13051013 13051013 13051013 13051001 13051001 13003000 13003000 13003000 13003000 13003000 13051009 13051009 13051037 13051054 13051054 13051075 13051045 13057057 13051068 13057020 13057020 13057020 13057020
-9999 -9999 -9999 -9999 -9999 -9999 -9999 -9999 -9999 -9999 -9999 -9999 -9999 -9999 -9999 -9999 -9999 -9999 -9999 -9999 -9999 -9999 -9999 -9999 -9999 -9999 -9999 -9999 -9999 -9999 -9999 -9999 -9999 13051062 13051007 13051007 13051029 13051042 13051083 13051083 13051004 13051004 13051004 13051001 13051001 13051001 13003000 13003000 -9999 13003000 13003000 13051009 13051009 13051009 13051075 13051075 13051075 13051068 13051068 13051068 13057020 13057020 13057020 13057020
-9999 -9999 -9999 -9999 -9999 -9999 -9999 -9999 -9999 -9999 -9999 -9999 -9999 -9999 -9999 -9999 -9999 -9999 -9999 -9999 -9999 -9999 -9999 -9999 -9999 -9999 -9999 -9999 -9999 -9999 -9999 -9999 -9999 13051062 13051062 13051007 13051029 13051029 13051029 13051074 13051059 13051004 13051004 13051006 13051006 13051043 13051043 13003000 13003000 -9999 13003000 13003000 13051015 13051015 13051079 13051079 13051079 13051068 13051068 13051068 13051021 13051021 13051076 13051076
-9999 -9999 -9999 -9999 -9999 -9999 -9999 -9999 -9999 -9999 -9999 -9999 -9999 -9999 -9999 -9999 -9999 -9999 -9999 -9999 -9999 -9999 -9999 -9999 -9999 -9999 -9999 -9999 -9999 -9999 -9999 13051062 -9999 13051062 13051062 13051010 13051010 13051029 13051041 13051029 13051059 13051063 13051028 13051004 13051006 13051043 13051040 13003000 13003000 13003000 13003000 13003000 13051064 13051015 13051015 13051068 13051068 13051068 13051068 13051068 13051084 13051084 13051021 13051078
-9999 -9999 -9999 -9999 -9999 -9999 -9999 -9999 -9999 -9999 -9999 -9999 -9999 -9999 -9999 -9999 -9999 -9999 -9999 -9999 -9999 -9999 -9999 -9999 -9999 -9999 -9999 -9999 -9999 -9999 13051062 -9999 -9999 13051065 13051007 13051010 13051010 13051041 13051041 13051041 13051041 13051063 13051028 13051006 13051006 13051073 13051073 13051040 13003000 13003000 13051051 13051035 13051064 13051064 13051044 13051044 13051068 13051068 13051068 13051077 13051084 13051084 13051084 13051078
-9999 -9999 -9999 -9999 -9999 -9999 -9999 -9999 -9999 -9999 -9999 -9999 -9999 -9999 -9999 -9999 -9999 -9999 -9999 -9999 -9999 -9999 -9999 -9999 -9999 -9999 -9999 -9999 -9999 13051062 13051062 -9999 13051057 13051047 13051065 13051010 13051010 13051081 13051041 13051070 13051063 13051063 13051063 13051026 13051026 13051073 13051073 13051040 13051051 13051051 13051051 13051035 13051035 13051018 13051044 13051044 13051068 13051068 13051068 13051077 13051077 13051077 13051078 13051078
-9999 -9999 -9999 -9999 -9999 -9999 -9999 -9999 -9999 -9999 -9999 -9999 -9999 -9999 -9999 -9999 -9999 -9999 -9999 -9999 -9999 -9999 -9999 -9999 -9999 -9999 -9999 -9999 -9999 -9999 -9999 -9999 13051052 13051057 13051047 13051047 13051081 13051081 13051003 13051003 13051070 13051069 13051060 13051026 13051026 13051012 13051085 13051085 13051051 13051053 13051034 13051034 13051018 13051018 13051018 13051018 13051068 13051068 13051016 13051016 13051072 13051077 13051077 13051078
-9999 -9999 -9999 -9999 -9999 -9999 -9999 -9999 -9999 -9999 -9999 -9999 -9999 -9999 -9999 -9999 -9999 -9999 -9999 -9999 -9999 -9999 -9999 -9999 -9999 -9999 -9999 -9999 -9999 -9999 13058012 13058012 13051002 13051047 13051047 13051047 13051039 13051032 13051032 13051003 13051070 13051069 13051060 13051027 13051012 13051012 13051085 13051085 13051053 13051053 13051017 13051034 13051034 13051018 13051018 13051018 13051068 13051016 13051016 13051016 13051072 13051072 13051072 13051072
-9999 -9999 -9999 -9999 -9999 -9999 -9999 -9999 -9999 -9999 -9999 -9999 -9999 -9999 -9999 13058027 13058027 13058054 13058014 -9999 -9999 -9999 -9999 -9999 -9999 -9999 -9999 -9999 -9999 13058010 13058010 13058012 13051002 13051002 13051047 13051058 13051058 13051032 13051032 13051069 13051069 13051069 13051069 13051027 13051012 13051012 13051085 13051085 13051008 13051053 13051017 13051034 13051055 13051055 13051055 13053001 13053001 13051016 13051016 13053092 13053092 13051072 13051072 13053091
-9999 -9999 -9999 -9999 -9999 -9999 -9999 -9999 -9999 -9999 -9999 -9999 -9999 13058052 13058027 13058027 13058027 13058054 13058014 13058014 -9999 -9999 -9999 -9999 -9999 -9999 -9999 -9999 -9999 13058010 13058010 13058010 13058044 13058044 13051036 13051036 13051031 13051031 13051032 13051069 13051056 13051069 13053037 13051012 13051012 13051012 13051014 13051014 13051008 13051008 13051082 13051082 13053103 13051055 13051055 13053001 13053001 13051016 13053092 13053025 13053025 13051072 13051072 13053091
-9999 -9999 -9999 -9999 -9999 -9999 -9999 -9999 -9999 -9999 -9999 13058046 13058052 13058052 13058052 13058052 13058052 13058054 13058054 13058014 13058014 -9999 -9999 -9999 -9999 -9999 -9999 -9999 13058010 13058010 13058010 13058010 13058073 13058044 13058044 13051036 13051031 13058078 13058078 13051056 13051056 13053037 13053037 13053037 13053039 13053039 13051014 13051014 13051071 13051071 13051082 13051082 13053103 13053103 13053103 13053103 13053047 13053047 13053092 13053092 13053092 13053092 13053091 13053091
-9999 -9999 -9999 -9999 -9999 -9999 -9999 -9999 -9999 -9999 13058083 13058083 13058052 13058052 13058052 13058052 13058054 13058054 13058054 13058054 13058054 -9999 -9999 -9999 -9999 -9999 -9999 -9999 -9999 13058059 13058059 13058073 13058073 13058073 13058073 13051036 13058111 13058078 13058078 13053040 13051056 13053037 13053037 13053039 13053039 13051071 13051071 13051071 13051071 13051071 13051082 13053034 13053103 13053103 13053103 13053103 13053047 13053047 13053092 13053092 13053092 13053071 13053071 13053091
-9999 -9999 -9999 -9999 -9999 -9999 -9999 -9999 -9999 -9999 13058083 13058022 13058022 13058022 13058089 13058089 13058021 13058021 13058021 13058106 13058054 -9999 -9999 13058033 13058033 13058109 -9999 -9999 -9999 13006000 13058059 13058073 13058073 13058073 13058111 13058111 13058030 13058030 13058030 13053040 13053040 13053037 13053007 13053067 13053082 13051071 13051071 13051071 13051080 13051071 13051067 13053034 13053034 13053034 13053097 13053097 13053047 13053052 13053047 13053047 13053047 13053071 13053071 13053029
-9999 -9999 -9999 -9999 -9999 -9999 -9999 -9999 -9999 -9999 13058083 13058022 13058022 13058022 13058022 13058089 13058112 13058112 13058021 13058106 13058106 13058043 13058043 13058033 13058109 13058109 13006000 -9999 13006000 13006000 13058049 13058049 13058007 13058007 13058111 13058074 13058030 13058030 13058002 13053040 13053040 13053007 13053007 13053067 13053082 13053082 13053082 13051080 13051080 13051033 13051067 13051067 13053034 13053097 13053097 13053097 13053052 13053052 13053052 13053047 13053063 13053063 13053063 13053029
-9999 -9999 -9999 -9999 -9999 -9999 -9999 -9999 13058096 13058096 -9999 13058022 13058022 13058022 13058022 13058089 13058112 13058112 13058112 13058106 13058106 13058043 13058043 13058033 13058029 13058029 13006000 13006000 13006000 13006000 13058049 13058057 13058057 13058007 13058074 13058074 13058002 13058002 13058002 13053040 13053061 13053061 13053007 13053046 13053046 13053013 13053082 13051033 13051033 13051033 13053060 13053060 13053060 13053097 13053045 13053045 13053052 13053017 13053017 13053017 13053063 13053063 13053063 13053029
-9999 -9999 -9999 -9999 -9999 -9999 -9999 13058096 13058096 13058096 13058096 13058094 13058022 13058076 13058076 13058067 13058067 13058015 13058034 13058034 13058106 13058034 13058034 13058029 13058029 13058029 13058005 13006000 13006000 13006000 13058063 13058057 13058110 13058074 13058074 13058074 13058074 13058062 13053023 13053061 13053081 13053081 13053046 13053064 13053013 13053013 13053013 13053065 13053065 13053027 13053060 13053060 13053080 13053045 13053045 13053074 13053074 13053017 13053017 13053070 13053070 13053093 13053059 13053093
-9999 -9999 -9999 -9999 -9999 13058065 13058065 13058096 13058096 13058096 13058094 13058094 13058094 13058076 13058076 13058067 13058015 13058015 13058034 13058034 13058034 13058034 13058029 13058029 13058029 13058005 13058069 13058069 13058025 13058063 13058063 13058092 13058110 13058110 13058074 13058074 13058074 13058062 13053023 13053023 13053004 13053004 13053046 13053083 13053013 13053013 13053013 13053065 13053027 13053027 13053057 13053057 13053080 13053080 13053045 13053074 13053068 13053068 13053017 13053070 13053093 13053093 13053016 13053093
-9999 -9999 -9999 -9999 -9999 13058065 13058065 13058065 13058060 13058094 13058094 13058094 13058068 13058068 13058035 13058035 13058015 13058034 13058034 13058034 13058034 13058081 13058081 13058036 13058036 13058006 13058006 13058025 13058025 13058025 13058063 13058092 13058110 13058110 13058051 13058110 13058062 13058105 13053023 13053023 13053004 13053004 13053078 13053078 13053013 13053013 13053099 13053099 13053027 13053027 13053057 13053057 13053031 13053031 13053021 13053021 13053068 13053068 13053096 13053096 13053096 13053016 13053016 13053016
-9999 -9999 -9999 -9999 -9999 13058065 13058065 13058065 13058060 13058060 13058094 13058094 13058094 13058068 13058035 13058008 13058008 13058008 13058034 13058034 13058100 13058081 13058081 13058036 13058036 13058006 13058006 13058042 13058025 13058025 13058047 13058092 13058092 13058051 13058051 13058110 13058105 13058105 13058105 13053004 13053004 13053004 13053004 13053078 13053086 13053013 13053013 13053030 13053030 13053030 13053031 13053031 13053031 13053031 13053031 13053021 13053021 13053068 13053096 13053096 13053096 13053026 13053026 13053026
-9999 -9999 -9999 -9999 -9999 13058065 13058065 13058065 13058065 13058060 13058041 13058041 13058087 13058087 13058104 13058008 13058008 13058008 13058045 13058091 13058100 13058100 13058081 13058036 13058036 13058011 13058006 13058042 13058042 13058025 13058047 13058103 13058051 13058051 13058009 13058009 13058105 13058037 13058037 13058037 13053004 13053004 13053004 13053086 13053086 13053019 13053086 13053086 13053030 13053030 13053031 13053031 13053031 13053031 13053031 13053031 13053089 13053089 13053089 13053096 13053096 13053026 13053026 13053026
-9999 -9999 -9999 -9999 -9999 -9999 13058065 13058065 13058065 13058075 13058075 13058041 13058061 13058061 13058104 13058104 13058084 13058107 13058045 13058091 13058091 13058098 13058098 13058011 13058011 13058011 13058006 13058003 13058003 13058047 13058047 13058103 13058103 13058009 13058009 13060089 13060004 13058037 13058037 13053094 13053094 13053094 13053094 13053086 13053019 13053086 13053086 13053086 13053030 13053011 13053011 13053031 13053031 13053031 13053031 13053031 13053089 13053089 13053089 13053096 13053048 13053028 13053028 13053087
-9999 -9999 -9999 -9999 -9999 13058101 13058065 13058099 13058086 13058018 13058018 13058018 13058039 13058017 13058017 13058084 13058107 13058107 13058107 13058102 13058091 13058098 13058098 13058098 13058011 13058108 13058108 13058003 13058003 13060068 13060068 13058103 13058009 13058009 13060046 13060089 13060089 13060004 13060004 13060031 13060031 13053094 13053094 13053094 13053094 13053086 13053086 13053072 13053072 13053032 13053032 13053031 13053062 13053062 13053062 13053062 13053089 13053089 13053048 13053058 13053058 13053028 13053028 13053033
-9999 -9999 -9999 -9999 -9999 13058101 13058099 13058099 13058086 13058086 13058018 13058018 13058039 13058017 13058017 13058056 13058056 13058056 13058102 13058102 13058071 13058071 13058020 13058001 13058001 13058108 13058108 13058108 13058064 13058064 13060065 13060068 13060068 13060046 13060046 13060089 13060007 13060004 13060004 13060031 13060031 13060073 13053094 13053094 13053094 13060088 13053072 13053072 13053072 13053032 13053032 13053032 13053062 13053062 13053062 13053035 13053035 13053048 13053048 13053058 13053058 13053049 13053028 13053028
-9999 -9999 -9999 -9999 -9999 -9999 13058101 13058093 13058093 13058018 13058018 13058018 13058024 13058024 13058072 13058048 13058028 13058028 13058102 13058102 13058102 13058071 13058020 13058001 13058001 13058064 13058064 13058064 13058064 13058064 13060065 13060068 13060043 13060007 13060007 13060007 13060007 13060007 13060082 13060073 13060073 13060073 13060088 13060088 13060088 13060054 13053072 13053072 13053041 13053054 13053098 13053098 13053006 13053006 13053014 13053035 13053035 13053035 13053044 13053048 13053049 13053049 13053049 13053028
-9999 -9999 -9999 -9999 -9999 -9999 -9999 13058093 13058093 13058038 13058023 13058023 13058024 13058088 13058048 13058048 13058028 13058028 13058102 13058102 13058026 13058071 13058020 13058013 13058013 13058053 13058064 13058064 13058064 13058064 13060009 13060009 13060043 13060043 13060043 13060007 13060007 13060082 13060082 13060073 13060073 13060073 13060073 13060073 13060054 13060054 13060054 13053041 13053041 13053054 13053098 13053098 13053006 13053006 13053014 13053014 13053035 13053035 13053044 13053044 13053049 13053049 13053015 13053015
-9999 -9999 -9999 -9999 -9999 -9999 -9999 -9999 13058093 13058023 13058023 13058023 13058088 13058088 13058048 13058028 13058028 13058028 13058028 13058026 13058026 13058026 13058019 13058019 13058053 13058053 13058053 13058095 13058064 13060048 13060009 13060009 13060009 13060043 13060085 13060043 13060082 13060082 13060073 13060073 13060040 13060073 13060073 13060073 13060005 13060054 13060054 13060005 13053054 13053054 13053098 13053098 13053075 13053075 13053075 13053014 13053044 13053044 13053044 13053044 13053049 13056070 13056070 13053015
