input/mvp_areas_adjusted.asc
NCOLS 128 
NROWS 90 
XLLCORNER 3605567.589201 
YLLCORNER 5890349.464811 
CELLSIZE 2000 
NODATA_value -2147483647 
[rows 43 to 85 of 90, columns 0 to 95 of 128]
-3 -3 -3 -3 -3 -3 -3 -3 -3 -3 -3 641 646 646 646 648 648 648 648 648 610 -3 -3 -3 -3 -3 -3 -3 -3 606 653 666 666 666 666 38 702 670 670 56 56 206 206 207 207 207 70 70 70 70 81 203 260 260 260 260 214 214 214 251 251 235 235 250 180 180 180 175 175 175 190 175 101 101 171 171 165 102 102 102 102 102 141 152 125 125 128 128 122 122 122 122 767 753 759 729
-3 -3 -3 -3 -3 -3 -3 -3 -3 -3 675 675 646 646 646 681 617 617 617 648 648 -3 -3 629 700 -3 -3 -3 -3 653 653 666 666 666 666 702 702 626 626 208 208 206 179 207 243 70 70 70 70 70 66 203 203 203 256 256 214 214 214 251 251 235 235 198 233 233 233 239 175 175 175 101 101 101 101 171 165 165 102 102 102 102 102 146 152 149 128 128 139 163 163 767 767 753 753 793
-3 -3 -3 -3 -3 -3 -3 -3 -3 675 675 618 618 618 618 681 617 617 617 697 697 638 629 629 700 700 -3 -3 6 6 644 603 603 603 702 702 626 626 626 208 208 179 179 231 243 243 79 79 79 35 66 66 203 256 256 256 219 219 214 214 214 235 235 198 205 233 233 205 175 175 175 101 101 101 101 160 160 150 102 102 102 161 146 156 152 149 149 128 139 163 163 750 767 767 753 761
-3 -3 -3 -3 -3 -3 -3 -3 -3 688 -3 -3 618 618 618 681 703 703 703 697 697 638 638 629 625 625 6 -3 6 6 6 603 603 603 667 667 598 598 598 208 179 179 179 213 213 243 243 79 35 35 225 225 225 256 256 256 219 219 188 188 228 228 228 198 198 205 205 205 175 175 175 164 164 164 164 162 150 150 150 134 91 161 161 156 156 149 85 85 100 100 163 750 750 767 761 761
-3 -3 -3 -3 -3 -3 -3 -3 688 688 688 618 618 618 681 661 611 611 630 697 697 638 630 629 625 625 601 6 6 6 644 651 651 667 667 667 598 656 193 226 226 242 213 213 184 184 184 230 35 35 225 225 241 212 212 237 237 188 188 234 234 228 224 224 198 245 245 205 217 217 217 137 137 164 101 129 162 150 134 134 91 91 161 119 120 85 85 85 100 88 88 88 750 747 747 761
-3 -3 -3 -3 -3 -3 -3 688 688 688 686 686 686 669 669 661 661 611 630 630 630 630 630 625 625 601 601 621 621 657 657 651 701 701 667 667 667 656 656 193 242 176 213 244 184 184 184 230 230 196 225 222 241 212 212 237 232 232 188 234 252 252 252 252 248 218 245 217 217 217 217 137 137 137 129 129 133 93 134 134 91 91 147 119 120 120 85 109 100 88 88 88 735 735 792 747
-3 -3 -3 -3 -3 659 659 688 688 686 686 686 662 662 669 661 611 611 630 630 630 673 673 632 601 601 663 663 621 657 657 684 701 701 701 701 656 656 193 193 176 176 240 244 240 184 258 258 196 196 222 222 200 200 237 191 232 232 255 255 252 187 187 248 248 248 174 174 217 217 137 137 137 129 129 129 133 93 93 93 91 147 147 119 120 120 109 109 109 96 773 773 735 735 792 792
-3 -3 -3 -3 -3 659 659 654 654 686 686 686 686 662 631 611 604 604 630 630 691 691 673 632 632 602 602 621 621 621 657 684 684 645 645 701 696 696 193 176 176 176 176 240 184 184 258 199 199 199 200 200 200 200 191 191 232 232 255 255 195 195 187 187 247 247 174 174 174 142 137 137 111 129 129 153 107 107 107 118 147 147 147 86 108 108 108 99 99 96 166 773 736 735 736 792
-3 -3 -3 -3 -3 659 659 659 659 654 636 636 679 679 695 695 604 604 640 691 691 691 673 632 632 607 602 637 637 621 642 684 684 645 605 605 696 696 633 633 176 176 176 246 189 189 189 199 199 199 200 200 200 200 191 191 249 249 255 255 195 195 195 195 247 247 247 247 174 142 142 111 129 129 129 153 107 107 107 130 130 147 86 86 116 116 116 109 99 166 166 773 151 736 792 792
-3 -3 -3 -3 -3 659 659 659 659 668 668 636 655 655 695 695 676 640 640 683 683 689 689 607 607 607 602 599 599 642 642 694 645 605 605 696 813 633 633 253 253 253 253 246 189 246 246 246 199 182 182 200 200 200 200 200 249 249 249 255 215 197 195 247 247 247 247 247 142 142 132 132 129 129 129 112 112 136 136 130 130 127 86 159 116 116 116 109 99 113 166 151 151 425 425 425
-3 -3 -3 -3 -3 -3 659 690 659 678 614 614 635 655 613 676 698 698 698 683 683 689 689 689 607 607 599 599 599 642 874 694 605 605 853 895 813 813 633 839 253 253 253 253 246 246 246 236 236 182 201 200 227 227 227 200 249 249 215 223 215 197 197 202 202 202 247 142 142 142 89 132 132 129 129 112 154 154 130 121 127 127 144 159 159 159 87 87 113 113 166 166 151 425 425 425
-3 -3 -3 -3 -3 692 690 690 678 678 614 614 635 613 613 650 650 650 693 693 664 664 689 597 597 699 699 599 658 874 871 874 874 853 853 895 895 813 813 839 839 253 253 253 253 246 246 236 236 201 201 201 227 227 227 204 204 204 215 223 223 216 197 197 202 181 181 142 142 132 132 132 132 132 154 154 154 121 121 121 127 127 144 159 159 140 87 87 113 113 114 166 166 377 377 422
-3 -3 -3 -3 -3 692 692 685 685 614 614 614 620 620 665 650 624 624 693 693 664 664 616 597 597 658 658 658 658 658 871 871 874 853 816 816 816 816 888 839 879 879 894 894 894 236 236 236 209 220 257 257 178 178 227 204 204 215 215 215 216 216 197 197 202 181 181 142 89 89 106 106 103 132 117 154 154 154 121 121 168 144 144 159 168 87 87 87 87 114 114 382 382 382 382 422
-3 -3 -3 -3 -3 -3 -3 685 634 634 614 614 620 620 643 643 624 624 693 693 693 664 616 616 609 647 658 658 658 658 871 874 851 851 851 816 816 888 888 879 879 879 879 894 861 861 861 861 209 220 257 257 178 178 185 185 204 204 211 211 216 216 186 202 202 183 183 142 89 89 89 106 103 103 117 154 154 143 143 143 121 168 168 168 168 87 87 87 87 410 382 382 382 382 422 422
-3 -3 -3 -3 -3 -3 -3 685 685 619 619 619 680 680 643 624 624 624 693 622 622 622 615 609 647 647 647 687 658 855 818 818 818 851 851 851 888 888 879 879 879 879 879 879 814 861 861 220 220 220 257 257 238 178 238 185 211 211 211 211 216 216 515 186 186 183 186 89 89 89 106 105 105 103 123 154 123 143 143 143 121 126 167 167 167 167 115 115 410 410 382 428 382 382 422 422
-3 -3 -3 -3 -3 -3 -3 -3 -3 -3 -3 619 680 680 624 624 624 624 624 660 622 622 615 615 672 647 647 687 855 855 855 818 818 891 891 851 888 888 888 848 848 879 820 820 814 814 814 814 220 220 220 238 238 238 238 210 211 211 211 515 515 216 515 186 515 186 186 186 89 507 507 105 105 172 123 123 123 123 143 143 145 126 167 167 95 95 115 115 430 410 415 428 428 428 422 392
-3 -3 -3 -3 -3 -3 -3 -3 -3 -3 -3 649 649 680 680 624 624 674 660 660 612 612 612 612 4 647 4 4 4 855 855 852 852 891 891 891 888 888 888 848 848 820 820 820 814 814 814 824 824 220 220 238 238 210 210 210 210 259 211 259 468 515 515 515 476 476 494 485 485 507 507 105 105 172 123 124 124 97 97 97 145 126 126 126 95 95 95 115 430 430 415 415 413 428 421 421
-3 -3 -3 -3 -3 -3 -3 -3 -3 -3 -3 -3 649 680 652 652 652 674 674 660 627 612 612 4 4 4 4 4 4 855 855 852 852 827 827 822 822 822 822 848 848 820 820 843 843 843 814 824 824 824 824 824 824 210 210 210 259 259 259 259 468 468 476 476 476 494 494 485 485 485 105 105 105 172 172 124 124 97 94 145 145 126 126 135 95 442 437 2 430 430 413 413 413 393 421 390
-3 -3 -3 -3 -3 -3 -3 -3 -3 -3 -3 -3 317 652 652 652 652 674 660 660 627 627 628 628 369 4 4 4 4 4 855 832 830 827 827 822 822 822 822 822 848 848 843 843 860 884 884 824 824 824 824 824 824 210 210 210 259 259 259 259 468 468 468 495 459 459 494 459 467 467 448 479 462 105 512 512 512 94 145 145 145 135 135 135 378 442 442 2 2 2 413 413 433 433 393 390
-3 -3 -3 -3 -3 -3 -3 -3 -3 -3 -3 317 317 334 682 652 652 600 677 627 627 627 628 628 369 4 4 4 4 4 869 832 827 827 827 819 812 812 817 817 817 848 840 860 860 884 884 884 834 834 834 862 862 862 210 259 259 259 259 259 468 468 468 495 495 459 459 459 459 517 448 462 462 462 512 512 492 492 492 145 135 135 135 378 378 378 2 2 2 2 2 427 433 417 433 405
-3 -3 -3 -3 -3 -3 -3 -3 -3 -3 -3 317 317 334 682 682 375 600 600 671 627 628 628 309 309 4 4 4 4 4 869 865 827 827 819 819 812 812 817 817 817 840 840 860 860 860 884 854 834 834 834 862 862 862 845 845 259 496 496 496 468 468 469 495 469 459 459 513 513 517 517 462 511 462 464 464 492 492 461 461 461 474 480 487 487 440 440 2 2 2 2 427 417 417 386 411
-3 -3 -3 -3 -3 -3 -3 -3 -3 -3 -3 317 317 334 375 375 375 375 671 671 283 374 374 352 352 338 4 4 4 866 866 883 883 819 819 819 819 893 893 893 817 817 860 860 860 884 823 854 854 834 890 890 862 862 862 845 845 449 496 496 496 496 469 469 469 469 459 517 517 517 517 511 511 505 464 464 492 492 492 461 474 474 500 478 487 440 440 2 2 2 383 383 417 386 386 412
-3 -3 -3 -3 -3 -3 -3 -3 -3 -3 372 317 265 334 375 375 375 375 375 283 283 283 283 352 338 338 4 4 4 866 866 883 883 819 819 896 896 893 826 898 898 898 898 841 841 884 823 823 823 823 890 862 862 862 845 845 845 449 449 496 496 496 496 469 469 469 517 517 517 517 517 517 505 460 460 492 492 492 451 488 493 498 498 498 478 440 440 383 383 383 383 383 388 388 406 412
-3 -3 -3 -3 -3 -3 -3 -3 372 372 372 265 265 334 375 375 375 375 375 283 348 348 365 365 301 301 301 301 320 866 866 866 883 833 833 896 875 875 826 826 898 837 841 841 841 841 892 864 823 823 899 899 899 868 845 845 449 449 449 496 509 509 509 469 469 469 469 517 517 517 517 472 472 472 460 460 492 492 451 493 493 498 498 498 498 447 2 397 400 383 383 383 388 388 406 406
-3 -3 -3 -3 -3 -3 -3 -3 324 324 324 372 265 265 375 368 375 375 375 375 283 348 348 365 301 301 354 320 320 810 810 810 883 833 886 886 847 826 826 876 876 837 837 837 836 836 892 864 864 864 899 899 899 868 868 867 845 449 449 486 486 486 486 456 456 469 475 475 517 517 517 472 472 472 460 460 451 451 451 465 465 465 498 498 447 2 397 397 400 400 383 383 376 376 376 376
-3 -3 -3 -3 -3 -3 -3 -3 360 360 324 311 311 375 368 368 368 375 375 375 303 287 264 264 262 354 354 354 354 810 810 810 833 886 886 847 847 870 876 876 825 863 837 837 836 836 892 892 864 856 864 815 899 811 868 867 867 449 449 486 486 486 486 456 456 456 475 475 517 517 517 472 472 472 472 460 451 451 451 402 402 402 402 399 399 2 397 397 400 384 384 429 429 429 376 439
-3 -3 -3 -3 -3 -3 296 286 286 286 311 311 311 375 368 368 368 368 375 303 287 287 264 302 262 302 302 359 320 320 810 835 835 886 886 870 870 825 825 825 825 863 881 881 881 836 836 856 856 856 815 815 811 811 867 867 867 867 446 486 486 486 497 497 456 456 475 475 517 517 517 517 472 472 472 472 404 404 404 402 402 402 399 399 399 380 380 397 400 384 409 429 409 429 439 439
-3 -3 -3 -3 -3 296 296 296 286 286 286 311 278 278 318 368 368 368 271 299 299 299 264 302 302 302 359 359 359 835 835 835 335 335 886 859 859 859 821 825 821 863 863 881 881 873 857 857 856 850 815 811 811 867 867 867 867 520 446 446 486 486 497 483 456 508 508 517 517 517 517 517 517 472 472 472 404 404 404 402 402 402 399 380 380 380 379 379 379 379 409 409 409 409 439 439
-3 -3 -3 -3 296 296 296 296 296 268 268 311 278 278 278 312 368 368 368 299 299 299 307 307 302 344 344 344 344 285 285 835 335 335 335 863 859 859 821 821 863 863 863 863 873 873 829 856 856 850 850 850 850 867 867 867 867 520 520 504 466 516 516 483 508 508 457 457 517 517 517 517 517 501 501 404 404 404 404 402 402 414 402 380 380 419 419 379 419 379 434 409 409 443 443 443
-3 349 349 349 295 295 296 367 308 268 268 346 346 346 312 312 312 350 299 299 299 299 307 307 344 344 344 344 344 285 370 335 335 335 878 863 878 821 821 863 863 863 863 863 863 873 829 829 849 849 849 844 850 867 831 867 867 520 504 504 477 477 516 516 463 502 457 502 484 484 517 517 517 501 501 404 404 404 414 414 414 414 380 380 380 419 419 419 419 379 434 409 443 443 443 443
-3 349 349 349 295 295 295 367 308 308 346 346 346 346 310 312 350 350 358 299 299 299 330 330 330 344 344 321 321 321 370 335 335 335 335 878 878 878 878 863 863 863 863 863 877 877 829 829 849 849 844 844 831 831 831 831 828 520 510 503 503 491 491 491 491 502 502 502 484 484 484 484 484 501 501 501 420 420 420 414 414 414 414 414 419 419 419 385 419 385 398 398 443 443 443 443
-3 337 337 349 272 272 295 367 308 308 266 266 361 361 310 310 350 358 339 339 299 315 330 353 353 353 340 340 321 370 370 335 335 335 274 274 274 878 878 878 863 863 863 877 877 877 877 877 877 849 844 844 872 872 872 828 510 510 510 510 450 455 482 491 454 454 502 502 484 484 484 484 501 501 501 420 420 420 420 431 414 414 414 414 414 419 419 385 385 385 398 398 443 443 443 443
-3 337 337 272 272 272 332 332 356 281 281 281 361 361 327 343 343 363 363 363 299 315 315 315 353 340 340 340 321 370 335 335 335 335 335 274 274 878 878 838 838 863 863 885 885 877 877 877 877 -3 887 887 872 872 872 889 889 510 450 450 450 455 455 454 454 452 452 502 502 514 484 501 501 501 501 420 420 431 431 431 431 414 414 414 414 414 438 385 385 385 398 398 443 443 443 443
337 337 272 272 272 272 332 332 269 356 281 281 273 273 327 343 343 363 363 363 345 345 275 275 340 340 340 364 323 323 298 335 335 335 335 270 270 880 880 880 838 838 885 885 885 858 858 877 877 -3 887 -3 872 -3 -3 889 889 889 450 470 455 455 455 454 454 471 490 452 514 514 514 501 501 501 420 420 420 431 431 431 431 431 414 414 414 414 438 438 385 443 443 398 443 443 443 443
-3 -3 -3 -3 -3 272 355 355 269 269 269 273 273 273 327 343 343 363 363 292 345 345 275 275 275 340 316 364 323 323 323 298 298 298 335 270 270 880 880 842 846 885 885 858 885 858 882 882 -3 -3 -3 -3 -3 -3 -3 -3 -3 -3 470 470 470 489 519 519 519 471 471 490 499 514 481 501 501 501 408 420 420 431 431 431 435 431 414 414 414 414 438 438 438 443 443 443 443 443 443 -3
-3 -3 -3 -3 -3 -3 355 355 355 269 269 -3 -3 288 288 322 322 292 292 267 267 267 297 261 261 261 316 316 323 323 323 298 293 298 331 331 331 331 842 842 846 846 885 858 858 882 882 882 -3 -3 -3 -3 -3 -3 -3 -3 -3 -3 -3 -3 489 489 489 519 519 518 471 490 499 499 481 481 481 408 408 420 420 435 435 435 435 435 414 414 414 414 438 438 443 443 -3 -3 -3 443 443 -3
-3 -3 -3 -3 -3 -3 -3 355 355 355 -3 -3 -3 -3 288 322 322 322 292 292 267 267 261 261 261 290 290 316 323 323 323 323 293 293 373 331 331 329 329 329 897 897 897 897 858 882 -3 -3 -3 -3 -3 -3 -3 -3 -3 -3 -3 -3 -3 -3 489 458 458 518 518 518 473 490 453 499 481 481 481 408 408 408 408 435 435 435 435 435 435 414 414 394 387 387 443 -3 -3 -3 -3 443 -3 -3
-3 -3 -3 -3 -3 -3 -3 -3 -3 -3 -3 -3 -3 -3 322 322 322 322 322 322 267 261 261 261 261 290 290 290 306 306 306 293 293 293 342 373 373 329 329 329 897 277 897 897 882 882 -3 -3 -3 -3 -3 -3 -3 -3 -3 -3 -3 -3 -3 -3 -3 -3 458 518 518 518 473 473 453 453 481 481 408 408 408 408 408 408 441 435 435 435 418 418 394 -3 -3 387 387 -3 -3 -3 -3 -3 -3 -3
-3 -3 -3 -3 -3 -3 -3 -3 -3 -3 -3 -3 -3 -3 322 322 322 322 322 322 362 319 319 319 319 289 289 289 306 306 306 293 293 293 342 342 366 263 263 280 277 277 897 -3 -3 -3 -3 -3 -3 -3 -3 -3 -3 -3 -3 -3 -3 -3 -3 -3 -3 -3 -3 -3 -3 -3 -3 -3 -3 -3 481 481 506 506 408 408 408 389 441 441 441 435 418 418 -3 -3 -3 -3 387 -3 -3 -3 -3 -3 -3 -3
-3 -3 -3 -3 -3 -3 -3 -3 -3 -3 -3 -3 -3 -3 -3 304 304 304 304 362 362 357 357 294 294 276 276 276 284 284 293 293 293 293 313 342 366 263 280 280 277 -3 -3 -3 -3 -3 -3 -3 -3 -3 -3 -3 -3 -3 -3 -3 -3 -3 -3 -3 -3 -3 -3 -3 -3 -3 -3 -3 -3 -3 -3 -3 -3 506 408 389 389 389 441 441 435 418 418 418 -3 -3 -3 -3 -3 -3 -3 -3 -3 -3 -3 -3
-3 -3 -3 -3 -3 -3 -3 -3 -3 -3 -3 -3 -3 -3 -3 -3 304 362 304 362 357 357 336 294 294 305 276 284 284 284 279 279 313 313 313 -3 -3 -3 280 280 277 -3 -3 -3 -3 -3 -3 -3 -3 -3 -3 -3 -3 -3 -3 -3 -3 -3 -3 -3 -3 -3 -3 -3 -3 -3 -3 -3 -3 -3 -3 -3 506 506 506 389 441 441 441 -3 435 435 -3 -3 -3 -3 -3 -3 -3 -3 -3 -3 -3 -3 -3 -3
-3 -3 -3 -3 -3 -3 -3 -3 -3 -3 -3 -3 -3 -3 -3 -3 -3 362 362 362 357 357 336 326 326 326 325 325 291 291 279 279 279 313 -3 -3 -3 -3 -3 -3 -3 -3 -3 -3 -3 -3 -3 -3 -3 -3 -3 -3 -3 -3 -3 -3 -3 -3 -3 -3 -3 -3 -3 -3 -3 -3 -3 -3 -3 -3 -3 -3 -3 -3 -3 -3 -3 -3 -3 435 435 435 -3 -3 -3 -3 -3 -3 -3 -3 -3 -3 -3 -3 -3 -3
-3 -3 -3 -3 -3 -3 -3 -3 -3 -3 -3 -3 -3 -3 -3 -3 -3 -3 362 371 371 371 336 326 326 326 325 284 291 291 328 328 328 -3 -3 -3 -3 -3 -3 -3 -3 -3 -3 -3 -3 -3 -3 -3 -3 -3 -3 -3 -3 -3 -3 -3 -3 -3 -3 -3 -3 -3 -3 -3 -3 -3 -3 -3 -3 -3 -3 -3 -3 -3 -3 -3 -3 -3 -3 -3 -3 -3 -3 -3 -3 -3 -3 -3 -3 -3 -3 -3 -3 -3 -3 -3
