input/mvp_realData_raster.asc
NCOLS 128 
NROWS 90 
XLLCORNER 3605567.5 
YLLCORNER 5890349.5 
CELLSIZE 2000 
NODATA_value -9999 
[rows 58 to 86 of 90, columns 64 to 127 of 128]
13056031 13056031 13053015 13053015 13056062 13056062 13052022 13052021 13052021 13052092 13052040 13052040 13052042 13052013 13052013 13052013 13052065 13052044 13052044 13052087 13052011 13052011 13052032 13052032 13055069 13055069 13055051 13055051 13055066 13055066 13055060 13055021 13055034 13055034 13055007 13055007 13055075 13055075 13055075 13055075 13062056 13062023 13062051 13062051 13062062 13062025 13062025 13062021 13062021 13062058 13062058 13062058 13062060 13062035 13062024 13062024 13062052 13062024 13062024 -9999 -9999 -9999 -9999 -9999
13056031 13056049 13056049 13056040 13056040 13056062 13052021 13052021 13052021 13052092 13052092 13052042 13052042 13052013 13052013 13052013 13052065 13052044 13052044 13052044 13052011 13052011 13055076 13055076 13055069 13055069 13055051 13055051 13055049 13055049 13055059 13055059 13055034 13055034 13055061 13055007 13055007 13055061 13055075 13062056 13062056 13062056 13062056 13062051 13062051 13062025 13062025 13062021 13062021 13062021 13062060 13062060 13062060 13062035 13062035 13062052 13062052 13062041 13062041 -9999 -9999 -9999 -9999 -9999
13056031 13056049 13056049 13056049 13056022 13056022 13056034 13056034 13056034 13052021 13052042 13052042 13052042 13052010 13052010 13052065 13052065 13052053 13052053 13052053 13052011 13055081 13055081 13002000 13055069 13055069 13055049 13055049 13055049 13055022 13055022 13055018 13055018 13055061 13055061 13055061 13055061 13055061 13055062 13062056 13062056 13062056 13062051 13062026 13062026 13062025 13062025 13062025 13062021 13062060 13062060 13062060 13062035 13062027 13062035 13062052 13062052 13062052 13062041 -9999 -9999 -9999 -9999 -9999
13056014 13056014 13056014 13056014 13056022 13056022 13056003 13056034 13056017 13052021 13056067 13056067 13056067 13056047 13052065 13052065 13052053 13052053 13052053 13055003 13055003 13055003 13055081 13002000 13002000 13002000 13055049 13055065 13055072 13055072 13055072 13055018 13055039 13055039 13055083 13055083 13055071 13055071 13055062 13055062 13062056 13062056 13062026 13062026 13062026 13062053 13062053 13062004 13062004 13062043 13062043 13062029 13062027 13062027 13062027 13062052 13062052 13062037 13062041 13062041 -9999 -9999 -9999 -9999
13056050 13056014 13056014 13056014 13056068 13056072 13056003 13056017 13056017 13056017 13056017 13056067 13056047 13056047 13056016 13056016 13052053 13052053 13052053 13055003 13055003 13055079 13002000 13002000 13002000 13002000 13002000 13055065 13055054 13055054 13055072 13055039 13055039 13055039 13055083 13055083 13055083 13055083 13055062 13062056 13062056 13062056 -9999 13062019 13062008 13062008 13062053 13062043 13062043 13062043 13062043 13062029 13062027 13062027 13062027 13062052 13062052 13062037 13062037 13062007 -9999 -9999 -9999 -9999
13056024 13056024 13056014 13056068 13056068 13056072 13056072 13056066 13056066 13056060 13056019 13056019 13056047 13056047 13056016 13056016 13056029 13056029 13056035 13056035 13056042 13055079 13055079 13002000 13002000 13002000 13002000 13055065 13055054 13055054 13055012 13055047 13055047 13055047 13055083 13055083 13055083 13055083 13062056 13062056 13062056 13062056 -9999 13062019 13062008 13062053 13062053 13062043 13062043 13062043 13062043 13062046 13062064 13062064 13062050 13062052 13062052 13062009 13062007 13062007 13062007 -9999 -9999 -9999
13056024 13056024 13056014 13056072 13056072 13056072 13056072 13056066 13056060 13056060 13056019 13056019 13056047 13056047 13056047 13056043 13056029 13056053 13056055 13056033 13056042 13055079 13055079 13002000 13002000 13055009 13055009 13055009 13055015 13055012 13055012 13055048 13055040 13055084 13055084 13055084 13055084 13055026 13055026 13062056 13062056 13062056 -9999 -9999 -9999 13062042 13062042 13062042 13062043 13062043 13062046 13062064 13062064 13062050 13062050 13062033 13062009 13062009 13062045 13062006 13062006 -9999 -9999 -9999
13056024 13056024 13056072 13056072 13056072 13056072 13056072 13056072 13056060 13056015 13056015 13056047 13056047 13056047 13056006 13056043 13056048 13056053 13056053 13056053 13056033 13056002 13002000 13055009 13055009 13055009 13055009 13055009 13055015 13055015 13055040 13055040 13055040 13055053 13055084 13055084 13055084 13055026 13055043 13062056 13062056 13062056 13062056 -9999 -9999 13062010 13062010 13062049 13062049 13062043 13062013 13062046 13062050 13062050 13062050 13062033 13062033 13062033 13062045 13062006 13062006 -9999 -9999 -9999
13056024 13056024 13056024 13056030 13056072 13056072 13056072 13056072 13056027 13056027 13056015 13056015 13056006 13056047 13056006 13056048 13056048 13056048 13056053 13056053 13056053 13002000 13002000 13055028 13055033 13055009 13055009 13055009 13055015 13055001 13055040 13055040 13055053 13055053 13055078 13055078 13055078 13055043 13055043 -9999 -9999 -9999 -9999 -9999 -9999 -9999 13062010 13062049 13062011 13062065 13062013 13062013 13062013 13062005 13062005 13062005 13062033 13062045 13062047 13062047 13062006 13062006 -9999 -9999
13056011 13056011 13056030 13056030 13056072 13056072 13056072 13056027 13056027 13056027 13056015 13056015 13056006 13056006 13056006 13056020 13056020 13056053 13056053 13055032 13056002 13002000 13055028 13055028 13055033 13055033 13055009 13055068 13055068 13055001 13055001 13055001 13055078 13055078 13055078 13055078 13055078 13055043 -9999 -9999 -9999 -9999 -9999 -9999 -9999 -9999 13062040 13062040 13062011 13062065 13062065 13062013 13062013 -9999 -9999 13062005 -9999 13062047 13062047 13062047 13062018 13062018 -9999 -9999
13056011 13056011 13056030 13056030 13056072 13056072 13056072 13056072 13056027 13056027 13056027 13056027 13055037 13056006 13055037 13055035 13055035 13055035 13055035 13055032 13055032 13002000 13055028 13055028 13055033 13055010 13055010 13055068 13055068 13055068 13055001 13055078 13055078 13055078 13055024 13055078 13055078 -9999 -9999 -9999 -9999 -9999 -9999 -9999 -9999 -9999 -9999 -9999 -9999 -9999 -9999 13062013 -9999 -9999 -9999 -9999 -9999 13062047 13062047 13062047 13062018 13062018 -9999 -9999
13056011 13056011 13056063 13056030 13056072 13056072 13056072 13056072 13056072 13056027 13056027 13056027 13055037 13055037 13055037 13055035 13055035 13055035 13055032 13055032 13055005 13055005 13055005 13055004 13055004 13055004 13055045 13055045 13055045 13055078 13055078 13055078 13055078 13055078 13055024 13055024 13055078 -9999 -9999 -9999 -9999 -9999 -9999 -9999 -9999 -9999 -9999 -9999 -9999 -9999 -9999 -9999 -9999 -9999 -9999 -9999 -9999 -9999 13062016 13062018 13062018 13062018 13062018 -9999
13056063 13056063 13056063 13056072 13056072 13056072 13056072 13056072 13056072 13056027 13056027 13056027 13055037 13055037 13055037 13055037 13055035 13055035 13055035 13055005 13055005 13055005 13055057 13055004 13055004 13055004 13055045 13055045 13055045 13055045 13055078 13055082 13055082 13055082 13055078 -9999 -9999 -9999 -9999 -9999 -9999 -9999 -9999 -9999 -9999 -9999 -9999 -9999 -9999 -9999 -9999 -9999 -9999 -9999 -9999 -9999 -9999 13062016 13062016 13062016 13062030 13062018 13062018 -9999
13056018 13056018 13056012 13056012 13056072 13056072 13056072 13056072 13056072 13056056 13056056 13055037 13055037 13055037 13055050 13055050 13055050 13055050 13055005 13055005 13055005 13055057 13055057 13055057 13055057 13055004 13055073 13055045 13055045 13055082 13055082 13055082 13055082 13055082 13055082 -9999 -9999 -9999 -9999 -9999 -9999 -9999 -9999 -9999 -9999 -9999 -9999 -9999 -9999 -9999 -9999 -9999 -9999 -9999 -9999 -9999 -9999 13062028 13062028 13062028 13062028 13062018 13062039 -9999
13056018 13056057 13056012 13056057 13056039 13056039 13056039 13056039 13056039 13056056 13056056 13055037 13055037 13055037 13055050 13055050 13055050 13055050 13055050 13055050 13055057 13055057 13055057 13055057 13055011 13055004 13055029 13055045 13055082 13055082 13055082 13055082 13055082 13055082 -9999 -9999 -9999 -9999 -9999 -9999 -9999 -9999 -9999 -9999 -9999 -9999 -9999 -9999 -9999 -9999 -9999 -9999 -9999 -9999 -9999 -9999 13062044 13062028 13062028 13062028 13062039 13062039 13062039 -9999
13056046 13056057 13056057 13056039 13056039 13056039 13056039 13056039 13056039 13056056 13056056 13056056 13055058 13055058 13055058 13055050 13055050 13055050 13055050 13055050 13055050 13055057 13055057 13055011 13055011 13055011 13055029 13055082 13055082 13055082 13055082 13055082 13055082 13055082 -9999 -9999 -9999 -9999 -9999 -9999 -9999 -9999 -9999 -9999 -9999 -9999 -9999 -9999 -9999 -9999 -9999 -9999 -9999 -9999 -9999 -9999 13062044 13062044 13062028 13062044 13062039 13062039 -9999 -9999
13056009 13056009 13056007 13056057 13056057 13056039 13056039 13056056 13056056 13056056 13056056 13055058 13055058 13055058 13055058 13055070 13055050 13055050 13055050 13055050 13055050 13055057 13055011 13055011 13055011 13055011 13055029 13055082 13055082 13055082 13055082 13055082 13055082 13055082 -9999 -9999 -9999 -9999 -9999 -9999 -9999 -9999 -9999 -9999 -9999 -9999 -9999 -9999 -9999 -9999 -9999 -9999 -9999 -9999 -9999 13062044 13062044 13062044 13062044 13062044 -9999 -9999 -9999 -9999
13056009 13056007 13056007 13056057 13056057 13056069 13056056 13056056 13056056 13056056 13055058 13055058 13055058 13055070 13055070 13055070 13055070 13055070 13055050 13055050 13055050 13055050 13055077 13055077 13055011 13055029 13055029 13055029 13055082 13055082 13055082 13055082 13055082 -9999 -9999 -9999 -9999 -9999 -9999 -9999 -9999 -9999 -9999 -9999 -9999 -9999 -9999 -9999 -9999 -9999 -9999 -9999 -9999 -9999 13062044 13062044 13062044 13062044 13062044 -9999 -9999 -9999 -9999 -9999
13056026 13056026 13056045 13056007 13056069 13056069 13056069 13056056 13056056 13056056 13055058 13055058 13055058 13055070 13055070 13055070 13055070 13055070 13055050 13055050 13055050 13055050 13055077 13055077 13055011 13055082 13055082 13055082 13055082 13055082 13055082 13055082 13055082 -9999 -9999 -9999 -9999 -9999 -9999 -9999 -9999 -9999 -9999 -9999 -9999 -9999 -9999 -9999 -9999 -9999 -9999 -9999 -9999 13062044 13062044 13062044 13062044 13062044 13062044 -9999 -9999 -9999 -9999 -9999
13056074 13056026 13056045 13056045 13056054 13056054 13056036 13056036 13056036 13055044 13055044 13055058 13055058 13055070 13055074 13055074 13055070 13055070 13055050 13055050 13055050 13055050 13055050 13055077 13055077 13055082 13055082 13055082 13055082 13055082 13055082 -9999 -9999 -9999 -9999 -9999 -9999 -9999 -9999 -9999 -9999 -9999 -9999 -9999 -9999 -9999 -9999 -9999 -9999 -9999 -9999 -9999 -9999 -9999 -9999 -9999 -9999 -9999 -9999 -9999 -9999 -9999 -9999 -9999
13056073 13056073 13056026 13056045 13056054 13056054 13056036 13056036 13056036 13055044 13055044 13055044 13055058 13055058 13055074 13055074 13055074 13055074 13055074 13055050 13055050 13055050 13055077 13055014 13055082 13055082 -9999 -9999 -9999 13055082 -9999 -9999 -9999 -9999 -9999 -9999 -9999 -9999 -9999 -9999 -9999 -9999 -9999 -9999 -9999 -9999 -9999 -9999 -9999 -9999 -9999 -9999 -9999 -9999 -9999 -9999 -9999 -9999 -9999 -9999 -9999 -9999 -9999 -9999
13056073 13056073 13056028 13056028 13056008 13056008 13056036 13056036 13056036 13055044 13055044 13055044 13055044 13055074 13055080 13055074 13055074 13055074 13055074 13055074 13055023 13055023 13055023 13055014 13055014 -9999 -9999 -9999 -9999 -9999 -9999 -9999 -9999 -9999 -9999 -9999 -9999 -9999 -9999 -9999 -9999 -9999 -9999 -9999 -9999 -9999 -9999 -9999 -9999 -9999 -9999 -9999 -9999 -9999 -9999 -9999 -9999 -9999 -9999 -9999 -9999 -9999 -9999 -9999
-9999 -9999 13056028 13056028 -9999 -9999 13056036 13056036 13056036 13055044 13055044 13055044 13055044 13055016 13055080 13055074 13055080 13055074 13055055 13055055 -9999 -9999 -9999 13055014 13055014 -9999 -9999 -9999 -9999 -9999 -9999 -9999 -9999 -9999 -9999 -9999 -9999 -9999 -9999 -9999 -9999 -9999 -9999 -9999 -9999 -9999 -9999 -9999 -9999 -9999 -9999 -9999 -9999 -9999 -9999 -9999 -9999 -9999 -9999 -9999 -9999 -9999 -9999 -9999
-9999 -9999 -9999 -9999 -9999 -9999 13056036 13056061 13056061 13056061 13055044 13055016 13055044 13055016 13055080 13055080 13055080 13055074 13055055 13055055 -9999 -9999 -9999 -9999 -9999 -9999 -9999 -9999 -9999 -9999 -9999 -9999 -9999 -9999 -9999 -9999 -9999 -9999 -9999 -9999 -9999 -9999 -9999 -9999 -9999 -9999 -9999 -9999 -9999 -9999 -9999 -9999 -9999 -9999 -9999 -9999 -9999 -9999 -9999 -9999 -9999 -9999 -9999 -9999
-9999 -9999 -9999 -9999 -9999 -9999 -9999 -9999 -9999 13056061 13055044 13055016 13055016 13055080 13055080 13055080 13055080 13055074 13055055 -9999 -9999 -9999 -9999 -9999 -9999 -9999 -9999 -9999 -9999 -9999 -9999 -9999 -9999 -9999 -9999 -9999 -9999 -9999 -9999 -9999 -9999 -9999 -9999 -9999 -9999 -9999 -9999 -9999 -9999 -9999 -9999 -9999 -9999 -9999 -9999 -9999 -9999 -9999 -9999 -9999 -9999 -9999 -9999 -9999
-9999 -9999 -9999 -9999 -9999 -9999 -9999 -9999 -9999 13056061 -9999 -9999 13055080 13055080 -9999 -9999 13055074 13055074 -9999 -9999 -9999 -9999 -9999 -9999 -9999 -9999 -9999 -9999 -9999 -9999 -9999 -9999 -9999 -9999 -9999 -9999 -9999 -9999 -9999 -9999 -9999 -9999 -9999 -9999 -9999 -9999 -9999 -9999 -9999 -9999 -9999 -9999 -9999 -9999 -9999 -9999 -9999 -9999 -9999 -9999 -9999 -9999 -9999 -9999
-9999 -9999 -9999 -9999 -9999 -9999 -9999 -9999 -9999 -9999 -9999 -9999 -9999 -9999 -9999 -9999 13055074 -9999 -9999 -9999 -9999 -9999 -9999 -9999 -9999 -9999 -9999 -9999 -9999 -9999 -9999 -9999 -9999 -9999 -9999 -9999 -9999 -9999 -9999 -9999 -9999 -9999 -9999 -9999 -9999 -9999 -9999 -9999 -9999 -9999 -9999 -9999 -9999 -9999 -9999 -9999 -9999 -9999 -9999 -9999 -9999 -9999 -9999 -9999
-9999 -9999 -9999 -9999 -9999 -9999 -9999 -9999 -9999 -9999 -9999 -9999 -9999 -9999 -9999 -9999 -9999 -9999 -9999 -9999 -9999 -9999 -9999 -9999 -9999 -9999 -9999 -9999 -9999 -9999 -9999 -9999 -9999 -9999 -9999 -9999 -9999 -9999 -9999 -9999 -9999 -9999 -9999 -9999 -9999 -9999 -9999 -9999 -9999 -9999 -9999 -9999 -9999 -9999 -9999 -9999 -9999 -9999 -9999 -9999 -9999 -9999 -9999 -9999
-9999 -9999 -9999 -9999 -9999 -9999 -9999 -9999 -9999 -9999 -9999 -9999 -9999 -9999 -9999 -9999 -9999 -9999 -9999 -9999 -9999 -9999 -9999 -9999 -9999 -9999 -9999 -9999 -9999 -9999 -9999 -9999 -9999 -9999 -9999 -9999 -9999 -9999 -9999 -9999 -9999 -9999 -9999 -9999 -9999 -9999 -9999 -9999 -9999 -9999 -9999 -9999 -9999 -9999 -9999 -9999 -9999 -9999 -9999 -9999 -9999 -9999 -9999 -9999
