input/mvp_realData_raster.asc
NCOLS 128 
NROWS 90 
XLLCORNER 3605567.5 
YLLCORNER 5890349.5 
CELLSIZE 2000 
NODATA_value -9999 
[rows 29 to 57 of 90, columns 64 to 127 of 128]
13057079 13057079 13057079 13057026 13057026 13057040 13057040 13057100 13057100 13057099 13057099 13057099 13057099 13057065 13057065 13057093 13057084 13057084 13057092 13057092 13057039 13057039 13057039 13059062 13059062 13059062 -9999 -9999 -9999 -9999 -9999 -9999 -9999 -9999 13059055 13059085 13059085 13059085 -9999 13059075 13059075 -9999 -9999 -9999 -9999 -9999 -9999 -9999 -9999 -9999 -9999 -9999 -9999 -9999 -9999 -9999 -9999 -9999 -9999 -9999 -9999 -9999 -9999 -9999
13057057 13057079 13057026 13057026 13057026 13057040 13057024 13057024 13057099 13057099 13057099 13057099 13057065 13057065 13057065 13057084 13057084 13057097 13057097 13057039 13057039 13057039 13057039 13059098 13059098 13059074 13059074 13059074 -9999 -9999 13059053 13059053 13059011 13059055 13059103 13059085 13059085 13059085 13059046 13059046 13059075 13059038 -9999 -9999 -9999 -9999 -9999 -9999 -9999 -9999 -9999 -9999 -9999 -9999 -9999 -9999 -9999 -9999 -9999 -9999 -9999 -9999 -9999 -9999
13057078 13057078 13057006 13057026 13057026 13057085 13057040 13057024 13057099 13057099 13057099 13057081 13057081 13057081 13057081 13057036 13057097 13057097 13057097 13057097 13057039 13059098 13059098 13059098 13059098 13059098 13059074 13001000 13001000 -9999 13059053 13059053 13059011 13059011 13059103 13059103 13059085 13059085 13059046 13059046 -9999 13059063 13059095 -9999 -9999 -9999 -9999 -9999 -9999 -9999 -9999 -9999 -9999 -9999 -9999 -9999 -9999 -9999 -9999 -9999 -9999 -9999 -9999 -9999
13057078 13057006 13057006 13057006 13057085 13057085 13057085 13057085 13057085 13057099 13057081 13057081 13057081 13057036 13057036 13057036 13057036 13057097 13057097 13057097 13057097 13057097 13059050 13059050 13059098 13001000 13001000 13001000 13001000 -9999 13001000 13059040 13059011 13059103 13059069 13059069 13059039 13059039 13059024 13059101 13059063 13059063 13059063 13059107 13059107 13059105 -9999 -9999 -9999 -9999 -9999 -9999 -9999 -9999 -9999 -9999 -9999 -9999 -9999 -9999 -9999 -9999 -9999 -9999
13057025 13057025 13057006 13057006 13057006 13057085 13057085 13057085 13057085 13057032 13057081 13057032 13057089 13057089 13057036 13057036 13057036 13057097 13057097 13057097 13057097 13057097 13057097 13059050 13059031 13059031 13001000 13001000 13001000 13001000 13001000 13059040 13059040 13059069 13059069 13059069 13059039 13059032 13059101 13059101 13059101 13059047 13059047 13059059 -9999 -9999 13059044 13059044 -9999 -9999 -9999 -9999 -9999 -9999 -9999 -9999 -9999 -9999 -9999 -9999 -9999 -9999 -9999 -9999
13057025 13057025 13057012 13057006 13057053 13057012 13057085 13057085 13057085 13057032 13057032 13057089 13057089 13057089 13057089 13057097 13057097 13057097 13057097 13057097 13057097 13057097 13059018 13059018 13059031 13059031 13059099 13059099 13059099 13059019 13059019 13059019 13059029 13059069 13059039 13059039 13059039 13059032 13059101 -9999 13059088 -9999 -9999 13059059 -9999 -9999 -9999 13059052 13059096 -9999 -9999 -9999 -9999 -9999 -9999 -9999 -9999 -9999 -9999 -9999 -9999 -9999 -9999 -9999
13051078 13051023 13057012 13057012 13057053 13057085 13057021 13057021 13057021 13057031 13057032 13057032 13057030 13057030 13057097 13057097 13057097 13057097 13057097 13057097 13057097 13052068 13059018 13059018 13059018 13059018 13059099 13059099 13059025 13059019 13059025 13059102 13059102 13059102 13059039 13059039 13059032 13059032 13059032 13059088 13059088 -9999 13059059 13059059 -9999 -9999 -9999 13059052 13059096 13059096 -9999 -9999 -9999 -9999 -9999 -9999 -9999 -9999 -9999 -9999 -9999 -9999 -9999 -9999
13051078 13051023 13051023 13053005 13057015 13057015 13057021 13057021 13057021 13057031 13057031 13057030 13057030 13057097 13057097 13057097 13057097 13052020 13057097 13052068 13052068 13052068 13052068 13052026 13059018 13059016 13059016 13059006 13059025 13059025 13059025 13059025 13059025 13059102 13059102 13059057 13059032 13059032 13059032 13059104 -9999 -9999 13059059 -9999 -9999 -9999 -9999 -9999 -9999 13059096 13059004 -9999 -9999 -9999 -9999 -9999 -9999 -9999 -9999 -9999 -9999 -9999 -9999 -9999
13051078 13051023 13053005 13053005 13053005 13053095 13053095 13057021 13057031 13057031 13057030 13057030 13057030 13057030 13057097 13052020 13052020 13052020 13052049 13052068 13052068 13052077 13052068 13052026 13052026 13059016 13059006 13059006 13059006 13059025 13059025 13059025 13059025 13059037 13059037 13059037 13059012 13059104 13059104 13059104 13059104 13059104 -9999 -9999 13059081 13059081 -9999 -9999 -9999 13059078 13059078 13059004 -9999 -9999 -9999 -9999 -9999 -9999 -9999 -9999 -9999 -9999 -9999 -9999
13053056 13051050 13053005 13053005 13053005 13053095 13053095 13053095 13057031 13057031 13057031 13057030 13057030 13052056 13052020 13052049 13052049 13052020 13052049 13052049 13052077 13052077 13052026 13052026 13052026 13052026 13059035 13059035 13059042 13059042 13059025 13059110 13059110 13059110 13059037 13059037 13059037 13059012 13059104 13059104 13059104 13059079 -9999 -9999 13059081 13059081 -9999 -9999 -9999 13059078 13059004 13059004 13059030 -9999 -9999 -9999 -9999 -9999 -9999 -9999 -9999 -9999 -9999 -9999
13053056 13053005 13053005 13053022 13053022 13053022 13053022 13053095 13052075 13057031 13057031 13052056 13052056 13052056 13052049 13052018 13052049 13052049 13052049 13052049 13052077 13052077 13052026 13052008 13052026 13052026 13059003 13059003 13059042 13059042 13059025 13059082 13059082 13059037 13059037 13059037 13059041 13059086 13059086 13059079 13059079 13059079 13059049 13059049 -9999 13059081 13059064 13059061 13059067 13059007 13059007 13059030 13059030 13059001 -9999 -9999 -9999 -9999 -9999 -9999 -9999 -9999 -9999 -9999
13053056 13053056 13053005 13053022 13053022 13053022 13053022 13053095 13052075 13052075 13052014 13052014 13052056 13052056 13052089 13052018 13052049 13052049 13052090 13052090 13052090 13052008 13052008 13052008 13052008 13059003 13059010 13059028 13059028 13059042 13059023 13059082 13059089 13059089 13059041 13059041 13059041 13059086 13059086 13059086 13059065 13059065 13059049 13059014 13059014 13059081 13059064 13059061 13059067 13059007 13059007 13059043 13059043 13059043 -9999 -9999 -9999 -9999 -9999 -9999 -9999 -9999 -9999 -9999
13053091 13053005 13053008 13053022 13053022 13053020 13053020 13053020 13052075 13052075 13052014 13052014 13052006 13052089 13052089 13052018 13052018 13052060 13052090 13052043 13052090 13052008 13052008 13052008 13052008 13052039 13059010 13059028 13059028 13059028 13059023 13059058 13059089 13059089 13059041 13059041 13059041 13059086 13059065 13059086 13059065 13059014 13059014 13059014 -9999 13059081 13059081 13059061 13059017 13059017 13059017 13059109 13059043 13059022 13059022 -9999 -9999 -9999 -9999 -9999 -9999 -9999 -9999 -9999
13053091 13053008 13053008 13053008 13053022 13053020 13053020 13053020 13052075 13052017 13052091 13052006 13052006 13052018 13052018 13052018 13052018 13052060 13052060 13052043 13052043 13052078 13052078 13052008 13052039 13052039 13052039 13059028 13059066 13059051 13059058 13059027 13059027 13059027 13059027 13059041 13059041 13059086 13059065 13059065 13059065 13059014 13059014 -9999 -9999 13059097 13059097 13059094 13059017 13059017 13059017 13059109 13059109 13059022 13059036 -9999 -9999 -9999 -9999 -9999 -9999 -9999 -9999 -9999
13053069 13053069 13053008 13053076 13053003 13053003 13053003 13052017 13052017 13052017 13052017 13052091 13052085 13052018 13052018 13052018 13052018 13052018 13052018 13052072 13052072 13052046 13052046 13052046 13052058 13052083 13052039 13059066 13059066 13059051 13059051 13059027 13059027 13059027 13059027 13059106 13059106 13059106 13059065 13059065 13059065 13059065 -9999 13059097 13059097 13059097 13059094 13059094 -9999 -9999 -9999 -9999 -9999 -9999 -9999 -9999 -9999 -9999 -9999 -9999 -9999 -9999 -9999 -9999
13053069 13053069 13053069 13053076 13053003 13053003 13053003 13052017 13052017 13052017 13052017 13052091 13052080 13052085 13052085 13052018 13052018 13052066 13052066 13052066 13052072 13052069 13052069 13052046 13052058 13052083 13052083 13059066 13059066 13059051 13059051 13059093 13059093 13059093 13059093 13059106 13059002 13059002 13059002 13059002 13059065 -9999 13059097 13059097 13059097 -9999 13059097 13059094 -9999 -9999 -9999 -9999 -9999 -9999 -9999 -9999 -9999 -9999 -9999 -9999 -9999 -9999 -9999 -9999
13053036 13053036 13053069 13053036 13053003 13053003 13053003 13053003 13052084 13052017 13052017 13052080 13052080 13052070 13052070 13052018 13052007 13052081 13052066 13052076 13052076 13052069 13052069 13052046 13052058 13052083 13052083 13059048 13059066 13059066 13059060 13059060 13059093 13059077 13059077 13059077 13059002 13059002 13059002 13059002 13059005 13059005 13059013 -9999 -9999 -9999 -9999 -9999 -9999 -9999 -9999 -9999 -9999 -9999 -9999 -9999 -9999 -9999 -9999 -9999 -9999 -9999 -9999 -9999
13053029 13053085 13053036 13053036 13053050 13053050 13053050 13052055 13052084 13052084 13052084 13052082 13052082 13052070 13052052 13052052 13052007 13052007 13052081 13052076 13052076 13052001 13052001 13052001 13052016 13052016 13052004 13059048 13059048 13059045 13059045 13059060 13059060 13059077 13059008 13059008 13059015 13059002 13059002 13059005 13059005 13059013 13059013 13059013 -9999 -9999 -9999 -9999 -9999 -9999 -9999 -9999 -9999 -9999 -9999 -9999 -9999 -9999 -9999 -9999 -9999 -9999 -9999 -9999
13053029 13053051 13053085 13053036 13053036 13053050 13053050 13052055 13052055 13052017 13052017 13052047 13052082 13052070 13052052 13052052 13052007 13052007 13052081 13052036 13052037 13052001 13052001 13052001 13052016 13052004 13052004 13052004 13059048 13059045 13059045 13059045 13059068 13059068 13059008 13059008 13059015 13059076 13059070 13059070 13059070 13059013 13059013 13059013 13059013 -9999 -9999 -9999 -9999 -9999 -9999 -9999 -9999 -9999 -9999 -9999 -9999 -9999 -9999 -9999 -9999 -9999 -9999 -9999
13053088 13053051 13053085 13053050 13053050 13053050 13053050 13052055 13052055 13052055 13052047 13052047 13052051 13052009 13052009 13052009 13052007 13052007 13052067 13052036 13052037 13052037 13052037 13052025 13052004 13052012 13052004 13052004 13059033 13059033 13059091 13059045 13059068 13059073 13059073 13059015 13059076 13059076 13059070 13059070 13059070 13059021 13059013 13059013 13062031 13059013 13062038 -9999 -9999 -9999 -9999 -9999 -9999 -9999 -9999 -9999 -9999 -9999 -9999 -9999 -9999 -9999 -9999 -9999
13053088 13053088 13053002 13053002 13053002 13052055 13052055 13052055 13052055 13052047 13052047 13052073 13052051 13052009 13052009 13052009 13052067 13052067 13052067 13052067 13052024 13052037 13052025 13052025 13052025 13052086 13059072 13059072 13059033 13059033 13059091 13059091 13059091 13059073 13059073 13059087 13059076 13059084 13059084 13059084 13059021 13059021 13062031 13062031 13062031 13062038 13062038 13062038 13062017 -9999 -9999 -9999 -9999 -9999 -9999 13062002 13062002 -9999 -9999 -9999 -9999 -9999 -9999 -9999
13053087 13053087 13053087 13053087 13053002 13052062 13052055 13052055 13052027 13052047 13052047 13052073 13052023 13052023 13052023 13052035 13052067 13052067 13052067 13052002 13052024 13052024 13052024 13052015 13052015 13052012 13052086 13059072 13059034 13059034 13059034 13059091 13059091 13059020 13059020 13059087 13059087 13059084 13059084 13059054 13059021 13059021 13059071 13059021 13062066 13062038 13062038 13062038 13062059 13062059 13062059 13062059 -9999 13062061 13062002 13062002 13062002 -9999 -9999 -9999 -9999 -9999 -9999 -9999
13053087 13053087 13053087 13053087 13053002 13052062 13052050 13052027 13052047 13052047 13052047 13052028 13052028 13052023 13052023 13052048 13052048 13052048 13052002 13052002 13052033 13052033 13052033 13052025 13052015 13052086 13052086 13059072 13052071 13055063 13055063 13059091 13059009 13059009 13059087 13059087 13059087 13059090 13059090 13059054 13059083 13059083 13059071 13059071 13062066 13062066 13062066 13062059 13062059 13062059 13062059 13062059 13062061 13062061 13062061 13062002 -9999 -9999 -9999 -9999 -9999 -9999 -9999 -9999
13053087 13053087 13053087 13053087 13052062 13052062 13052062 13052050 13052047 13052047 13052047 13052028 13052028 13052054 13052054 13052038 13052045 13052045 13052002 13052079 13052079 13052033 13052003 13052003 13052015 13052029 13052086 13052071 13052071 13055063 13055063 13055063 13055063 13059009 13059009 13059009 13059080 13059080 13059054 13059054 13059100 13059100 13062003 13062066 13062066 13062014 13062036 13062036 13062032 13062032 13062012 13062059 13062061 13062034 13062034 13062034 -9999 -9999 -9999 -9999 -9999 -9999 -9999 -9999
13053033 13053033 13053010 13052062 13052062 13052062 13052050 13052050 13052050 13052047 13052047 13052074 13052074 13052074 13052038 13052038 13052045 13052045 13052064 13052079 13052079 13052059 13052003 13052003 13052029 13052029 13052086 13052086 13052071 13055063 13055002 13055063 13055020 13059009 13059009 13059009 13059080 13059080 13059080 13059054 13059100 13062003 13062003 13062003 13062014 13062014 13062036 13062032 13062032 13062032 13062057 13062012 13062012 13062034 13062034 13062034 13062034 13062034 -9999 -9999 -9999 -9999 -9999 -9999
13053033 13053010 13053010 13052062 13052005 13052050 13052050 13052050 13052050 13052050 13052074 13052074 13052074 13052038 13052038 13052038 13052045 13052064 13052064 13052079 13052059 13052059 13052003 13052003 13052003 13052003 13052030 13052086 13055008 13055002 13055002 13055060 13055020 13055020 13055020 13055020 13055036 13055064 13055064 13055064 13055064 13055064 13062014 13062066 13062066 13062014 13062014 13062014 13062032 13062032 13062012 13062012 13062012 13062012 13062001 13062001 13062034 13062034 -9999 -9999 -9999 -9999 -9999 -9999
13053033 13053012 13053010 13052062 13052005 13052005 13052022 13052022 13052019 13052050 13052034 13052074 13052074 13052074 13052038 13052038 13052088 13052088 13052088 13052088 13052088 13052003 13052003 13052003 13052003 13052030 13052030 13055008 13055008 13055008 13055008 13055060 13055020 13055020 13055020 13055020 13055036 13055064 13055064 13062062 13062062 13062062 13062014 13062014 13062014 13062014 13062014 13062014 13062058 13062058 13062058 13062012 13062012 13062012 13062012 13062001 13062001 13062034 -9999 -9999 -9999 -9999 -9999 -9999
13053015 13053012 13053012 13052005 13052005 13052005 13052005 13052022 13052019 13052019 13052034 13052074 13052040 13052063 13052063 13052038 13052038 13052044 13052087 13052087 13052087 13052003 13052003 13052003 13052003 13055046 13055008 13055008 13055008 13055008 13055060 13055060 13055020 13055020 13055020 13055036 13055036 13055036 13055064 13062062 13062023 13062062 13062062 13062062 13062062 13062022 13062022 13062058 13062058 13062058 13062058 13062012 13062012 13062012 13062012 13062001 13062001 13062024 13062024 -9999 -9999 -9999 -9999 -9999
13053015 13053015 13053015 13053015 13052005 13052005 13052022 13052021 13052021 13052092 13052040 13052040 13052040 13052040 13052063 13052063 13052044 13052044 13052087 13052087 13052087 13052087 13052032 13052032 13055046 13055046 13055008 13055066 13055008 13055008 13055060 13055060 13055021 13055020 13055007 13055036 13055036 13055036 13055075 13055075 13062023 13062023 13062051 13062062 13062062 13062022 13062022 13062022 13062058 13062058 13062058 13062058 13062012 13062012 13062012 13062012 13062024 13062024 13062024 -9999 -9999 -9999 -9999 -9999
