input/mvp_deci.asc
ncols         188
nrows         131
xllcorner     3523567.5
yllcorner     5810349.5
cellsize      2000
NODATA_value  -9999
[rows 0 to 67 of 131, columns 0 to 95 of 188]
0 -1 -1 0 0 0 0 6 0 0 0 0 0 0 7 -3 -3 9 0 -3 -3 -3 -3 -3 -3 -3 -3 -3 -3 -3 -3 -3 -3 -3 -3 -3 -3 -3 -3 -3 -3 -3 -3 -3 -3 -3 -3 -3 -3 -3 -3 -3 -3 -3 -3 -3 -3 -3 -3 -3 -3 -3 -3 -3 -3 -3 -3 -3 -3 -3 -3 -3 -3 -3 -3 -3 -3 -3 -3 -3 -3 -3 -3 -3 -3 -3 -3 -3 -3 -3 -3 -3 -3 -3 -3 -3
0 0 0 7 10 0 0 1 0 0 0 0 8 0 0 0 0 0 0 0 -3 -3 -3 -3 -3 -3 -3 -3 -3 -3 -3 -3 -3 -3 -3 -3 -3 -3 -3 -3 -3 -3 -3 -3 -3 -3 -3 -3 -3 -3 -3 -3 -3 -3 -3 -3 -3 -3 -3 -3 -3 -3 -3 -3 -3 -3 -3 -3 -3 -3 -3 -3 -3 -3 -3 -3 -3 -3 -3 -3 -3 -3 -3 -3 -3 -3 -3 -3 -3 -3 -3 -3 -3 -3 -3 -3
0 0 0 0 0 0 0 0 0 0 0 0 0 0 5 32 12 0 0 0 -3 -3 -3 -3 -3 -3 -3 -3 -3 -3 -3 -3 -3 -3 -3 -3 -3 -3 -3 -3 -3 -3 -3 -3 -3 -3 -3 -3 -3 -3 -3 -3 -3 -3 -3 -3 -3 -3 -3 -3 -3 -3 -3 -3 -3 -3 -3 -3 -3 -3 -3 -3 -3 -3 -3 -3 -3 -3 -3 -3 -3 -3 -3 -3 -3 -3 -3 -3 -3 -3 -3 -3 -3 -3 -3 -3
0 0 14 0 0 0 3 14 2 0 0 0 0 0 0 15 3 0 0 0 -3 -3 -3 -3 -3 -3 -3 -3 -3 -3 -3 -3 -3 -3 -3 -3 -3 -3 -3 -3 -3 -3 -3 -3 -3 -3 -3 -3 -3 -3 -3 -3 -3 -3 -3 -3 -3 -3 -3 -3 -3 -3 -3 -3 -3 -3 -3 -3 -3 -3 -3 -3 -3 -3 -3 -3 -3 -3 -3 -3 -3 -3 -3 -3 -3 -3 -3 -3 -3 -3 -3 -3 -3 -3 -3 -3
0 0 23 0 0 2 13 2 22 0 13 0 0 1 0 0 6 5 0 15 0 -3 -3 -3 -3 -3 -3 -3 -3 -3 -3 -3 -3 -3 -3 -3 -3 -3 -3 -3 -3 -3 -3 -3 -3 -3 -3 -3 -3 -3 -3 -3 -3 -3 -3 -3 -3 -3 -3 -3 -3 -3 -3 -3 -3 -3 -3 -3 -3 -3 -3 -3 -3 -3 -3 -3 -3 -3 -3 -3 -3 -3 -3 -3 -3 -3 -3 -3 -3 -3 -3 -3 -3 -3 -3 -3
0 4 24 21 0 0 19 1 0 0 7 0 2 13 2 0 10 12 6 15 -3 -3 -3 -3 -3 -3 -3 -3 -3 -3 -3 -3 -3 -3 -3 -3 -3 -3 -3 -3 -3 -3 -3 -3 -3 -3 -3 -3 -3 -3 -3 -3 -3 -3 -3 -3 -3 -3 -3 -3 -3 -3 -3 -3 -3 -3 -3 -3 -3 -3 -3 -3 -3 -3 -3 -3 -3 -3 -3 -3 -3 -3 -3 -3 -3 -3 -3 -3 -3 -3 -3 -3 -3 -3 -3 -3
0 9 2 0 0 0 0 26 22 0 0 0 7 0 0 0 7 13 -1 1 0 -3 -3 -3 -3 -3 -3 -3 -3 -3 -3 -3 -3 -3 -3 -3 -3 -3 -3 -3 -3 -3 -3 -3 -3 -3 -3 -3 -3 -3 -3 -3 -3 -3 -3 -3 -3 -3 -3 -3 -3 -3 -3 -3 -3 -3 -3 -3 -3 -3 -3 -3 -3 -3 -3 -3 -3 -3 -3 -3 -3 -3 -3 -3 -3 -3 -3 -3 -3 -3 -3 -3 -3 -3 -3 -3
12 9 7 0 0 0 0 0 0 0 0 0 0 0 0 8 0 2 0 0 0 0 -3 -3 -3 -3 -3 -3 -3 -3 -3 -3 -3 -3 -3 -3 -3 -3 -3 -3 -3 -3 -3 -3 -3 -3 -3 -3 -3 -3 -3 -3 -3 -3 -3 -3 -3 -3 -3 -3 -3 -3 -3 -3 -3 -3 -3 -3 -3 -3 -3 -3 -3 -3 -3 -3 -3 -3 -3 -3 -3 -3 -3 -3 -3 -3 -3 -3 -3 -3 -3 -3 -3 -3 -3 -3
3 1 0 12 0 0 29 0 0 0 0 0 0 3 0 0 0 -3 0 0 0 0 -3 -3 -3 -3 -3 -3 -3 -3 -3 -3 -3 -3 -3 -3 -3 -3 -3 -3 -3 -3 -3 -3 -3 -3 -3 -3 -3 -3 -3 -3 -3 -3 -3 -3 -3 -3 -3 -3 -3 -3 -3 -3 -3 -3 -3 -3 -3 -3 -3 -3 -3 -3 -3 -3 -3 -3 -3 -3 -3 -3 -3 -3 -3 -3 -3 -3 -3 -3 -3 -3 -3 -3 -3 -3
0 0 0 1 7 0 0 0 0 0 0 0 0 4 0 0 -3 0 24 4 0 -3 -3 -3 -3 -3 -3 -3 -3 -3 -3 -3 -3 -3 -3 -3 -3 -3 -3 -3 -3 -3 -3 -3 -3 -3 -3 -3 -3 -3 -3 -3 -3 -3 -3 -3 -3 -3 -3 -3 -3 -3 -3 -3 -3 -3 -3 -3 -3 -3 -3 -3 -3 -3 -3 -3 -3 -3 -3 -3 -3 -3 -3 -3 -3 -3 -3 -3 -3 -3 -3 -3 -3 -3 -3 -3
0 10 30 7 0 1 0 9 0 0 0 17 0 0 7 1 6 3 11 13 13 -3 -3 -3 -3 -3 -3 -3 -3 -3 -3 -3 -3 -3 -3 -3 -3 -3 -3 -3 -3 -3 -3 -3 -3 -3 -3 -3 -3 -3 -3 -3 -3 -3 -3 -3 -3 -3 -3 -3 -3 -3 -3 -3 -3 -3 -3 -3 -3 -3 -3 -3 -3 -3 -3 -3 -3 -3 -3 -3 -3 -3 -3 -3 -3 -3 -3 -3 -3 -3 -3 -3 -3 -3 -3 -3
0 0 9 0 13 22 10 2 10 0 0 0 0 -3 14 9 0 0 21 0 0 -3 -3 -3 -3 -3 -3 -3 -3 -3 -3 -3 -3 -3 -3 -3 -3 -3 -3 -3 -3 -3 -3 -3 -3 -3 -3 -3 -3 -3 -3 -3 -3 -3 -3 -3 -3 -3 -3 -3 -3 -3 -3 -3 -3 -3 -3 -3 -3 -3 -3 -3 -3 -3 -3 -3 -3 -3 -3 -3 -3 -3 -3 -3 -3 -3 -3 -3 -3 -3 -3 -3 -3 -3 -3 -3
0 0 0 0 35 0 0 0 0 0 16 0 0 4 16 1 7 3 1 0 3 -3 -3 -3 -3 -3 -3 -3 -3 -3 -3 -3 -3 -3 -3 -3 -3 -3 -3 -3 -3 -3 -3 -3 -3 -3 -3 -3 -3 -3 -3 -3 -3 -3 -3 -3 -3 -3 -3 -3 -3 -3 -3 -3 -3 -3 -3 -3 -3 -3 -3 -3 -3 -3 -3 -3 -3 -3 -3 -3 -3 -3 -3 -3 -3 -3 -3 -3 -3 -3 -3 -3 -3 -3 -3 -3
0 0 0 0 7 1 0 0 0 0 1 0 0 0 0 0 0 2 18 0 0 -3 -3 -3 -3 -3 -3 -3 -3 -3 -3 -3 -3 -3 -3 -3 -3 -3 -3 -3 -3 -3 -3 -3 -3 -3 -3 -3 -3 -3 -3 -3 -3 -3 0 0 0 0 0 -3 -3 -3 -3 -3 -3 -3 -3 -3 -3 -3 -3 -3 -3 -3 -3 -3 -3 -3 -3 -3 -3 -3 -3 -3 -3 -3 -3 -3 -3 -3 -3 -3 -3 -3 -3 -3
3 0 0 0 47 50 -1 0 -3 -3 -3 14 0 9 4 6 0 6 0 0 -3 -3 -3 -3 -3 -3 -3 -3 -3 -3 -3 -3 -3 -3 -3 -3 -3 -3 -3 -3 -3 -3 -3 -3 -3 -3 -3 -3 -3 -3 -3 -3 -3 -3 0 0 0 0 0 0 0 -3 -3 -3 -3 -3 -3 -3 -3 -3 -3 -3 -3 -3 -3 -3 -3 -3 -3 -3 -3 -3 -3 -3 -3 -3 -3 -3 -3 -3 -3 -3 -3 -3 -3 -3
0 0 0 0 7 5 -3 0 0 1 -3 0 1 1 0 0 12 16 13 -3 -3 -3 -3 -3 -3 -3 -3 -3 -3 -3 -3 -3 -3 -3 -3 -3 -3 -3 -3 -3 -3 -3 -3 -3 -3 -3 -3 -3 -3 -3 -3 -3 -3 0 0 0 0 0 0 0 0 -3 -3 -3 -3 -3 -3 -3 -3 -3 -3 -3 -3 -3 -3 -3 -3 -3 -3 -3 -3 -3 -3 -3 -3 -3 -3 -3 -3 -3 -3 -3 -3 -3 -3 -3
0 0 0 6 5 0 0 0 0 9 29 1 21 4 0 -1 1 -3 -3 -3 -3 -3 -3 5 26 -3 -3 -3 -3 -3 -3 -3 -3 -3 -3 -3 -3 -3 -3 -3 -3 -3 -3 -3 -3 -3 -3 -3 -3 -3 -3 -3 -3 0 0 0 0 0 0 0 0 0 -3 -3 -3 -3 -3 -3 -3 -3 -3 -3 -3 -3 -3 -3 -3 -3 -3 -3 -3 -3 -3 -3 -3 -3 -3 -3 -3 -3 -3 -3 -3 -3 -3 -3
0 0 0 0 0 -1 0 0 0 0 8 3 11 0 0 -1 -3 -3 -3 4 20 16 0 0 8 0 0 -3 -3 -3 -3 -3 -3 -3 -3 -3 -3 -3 -3 -3 -3 -3 -3 -3 -3 -3 -3 -3 -3 -3 -3 -3 -3 0 0 -3 0 0 0 0 0 0 -3 -3 -3 -3 -3 -3 -3 -3 -3 -3 -3 -3 -3 -3 -3 -3 -3 -3 -3 -3 -3 -3 -3 -3 -3 -3 -3 -3 -3 -3 -3 -3 -3 -3
0 0 0 0 0 0 0 0 0 0 32 11 8 1 17 12 32 30 8 13 7 0 0 0 0 0 0 -3 -3 -3 -3 -3 -3 -3 -3 -3 -3 -3 -3 -3 -3 -3 -3 -3 -3 -3 -3 -3 -3 -3 -3 -3 -3 -3 -3 -3 0 0 0 0 0 0 0 -3 -3 -3 -3 -3 -3 -3 -3 -3 -3 -3 -3 -3 -3 -3 -3 -3 -3 -3 -3 -3 -3 -3 -3 -3 -3 -3 -3 -3 -3 -3 -3 -3
0 0 0 0 0 0 0 0 0 49 1 7 19 14 2 3 12 21 0 11 0 0 27 7 0 0 -3 -3 -3 -3 0 0 0 0 -3 -3 -3 -3 -3 -3 -3 -3 -3 -3 -3 -3 -3 -3 -3 -3 -3 -3 -3 -3 -3 -3 0 0 0 -3 -3 -3 0 -3 -3 -3 -3 -3 -3 -3 -3 -3 -3 -3 -3 -3 -3 -3 -3 -3 -3 -3 -3 -3 -3 -3 -3 -3 -3 -3 -3 -3 -3 -3 -3 -3
0 0 0 0 0 0 0 0 2 49 17 16 13 0 26 19 0 0 0 0 0 0 12 40 0 0 8 -3 0 0 0 0 0 0 0 -3 -3 -3 -3 -3 -3 -3 -3 -3 -3 -3 -3 -3 -3 -3 -3 -3 -3 -3 -3 -3 -3 -3 -3 -3 -3 -3 -3 -3 -3 -3 -3 -3 -3 -3 -3 -3 -3 -3 -3 -3 -3 -3 -3 -3 -3 -3 -3 -3 -3 -3 -3 -3 -3 -3 -3 -3 -3 -3 -3 -3
0 0 0 0 0 0 0 0 0 12 18 3 -3 -3 11 2 8 19 7 0 3 8 3 6 20 -1 0 27 1 0 0 0 0 0 0 0 0 -3 -3 -3 -3 -3 -3 -3 -3 -3 -3 -3 -3 -3 -3 0 0 -3 -3 0 0 -3 -3 -3 -3 -3 -3 -3 -3 -3 -3 -3 -3 -3 -3 -3 -3 -3 -3 -3 -3 -3 -3 -3 -3 -3 -3 -3 -3 -3 -3 -3 -3 -3 -3 -3 -3 -3 -3 -3
0 0 0 0 0 0 0 0 0 7 10 0 -3 0 0 46 37 24 28 0 0 0 0 15 24 -1 -3 -1 8 7 0 0 0 0 8 17 0 1 1 21 -3 -3 -3 -3 -3 -3 -3 -3 -3 0 0 0 0 0 0 0 -3 -3 -3 -3 -3 -3 -3 -3 -3 -3 -3 -3 -3 -3 -3 -3 -3 -3 -3 -3 -3 -3 -3 -3 -3 -3 -3 -3 -3 -3 -3 -3 -3 -3 -3 -3 -3 -3 -3 -3
0 14 0 0 0 0 0 4 2 0 8 0 0 0 5 0 21 2 7 2 12 0 0 -1 -1 0 -3 3 12 17 11 0 0 0 11 0 1 19 0 6 2 -3 -3 -3 -3 -3 -3 -3 2 0 0 0 0 0 0 0 -3 -3 -3 -3 -3 -3 -3 -3 -3 -3 -3 -3 -3 -3 -3 -3 -3 -3 -3 -3 -3 -3 -3 -3 -3 -3 -3 -3 -3 -3 -3 -3 -3 -3 -3 -3 -3 -3 -3 -3
0 0 0 0 0 0 0 8 15 0 0 0 0 0 2 3 0 0 12 8 0 12 1 -1 -1 -1 -1 -1 12 11 3 0 16 10 16 14 2 0 21 5 0 -3 -3 -3 -3 -3 -3 5 17 0 0 0 0 0 0 0 -3 -3 -3 -3 -3 -3 -3 -3 -3 -3 -3 -3 -3 -3 -3 -3 -3 -3 -3 -3 -3 -3 -3 -3 -3 -3 -3 -3 -3 -3 -3 -3 -3 -3 -3 -3 -3 -3 -3 -3
0 0 0 0 0 0 0 0 -1 -1 -1 3 0 0 0 8 5 0 22 0 0 2 -1 -1 -1 -1 -1 15 9 9 20 0 8 -3 -3 -3 -3 7 39 8 20 5 6 -3 -3 -3 2 0 7 0 0 0 0 0 0 0 -3 -3 -3 -3 -3 -3 -3 -3 -3 -3 -3 -3 -3 -3 -3 -3 -3 -3 -3 -3 -3 -3 -3 -3 -3 -3 -3 -3 -3 -3 -3 -3 -3 -3 -3 -3 -3 -3 -3 5
0 0 0 0 6 13 0 0 0 -1 -1 2 0 0 0 22 14 33 0 11 18 13 6 -1 -1 -1 -1 -1 27 6 35 22 27 0 1 -3 -3 11 22 0 1 7 0 0 0 15 11 0 0 0 0 0 0 0 0 21 -3 -3 -3 -3 -3 -3 -3 -3 -3 -3 -3 -3 -3 -3 -3 -3 -3 -3 -3 -3 -3 -3 -3 -3 -3 -3 -3 -3 -3 -3 -3 -3 -3 -3 -3 -3 -3 -3 9 30
0 0 0 0 0 4 31 0 1 -1 0 0 0 0 16 77 7 20 -3 -3 15 0 8 9 7 -1 0 24 2 13 29 10 0 6 7 0 2 23 4 0 5 24 9 0 0 0 7 0 19 0 0 5 0 0 0 0 -3 -3 -3 -3 -3 -3 -3 -3 -3 -3 -3 -3 -3 -3 -3 -3 -3 -3 -3 -3 -3 -3 -3 -3 -3 -3 -3 -3 -3 -3 -3 -3 -3 -3 -3 -3 -3 52 27 73
0 0 0 9 16 27 61 6 0 0 21 0 0 5 34 26 41 8 0 36 13 27 4 0 0 4 0 54 13 62 25 11 17 29 1 14 7 14 11 8 3 3 3 0 0 8 23 0 0 0 59 8 0 10 0 0 -3 -3 -3 -3 -3 -3 -3 -3 -3 -3 -3 -3 -3 -3 -3 -3 -3 -3 -3 -3 -3 -3 -3 -3 -3 -3 -3 -3 -3 -3 -3 -3 -3 -3 -3 -3 39 24 25 66
0 0 0 0 0 8 11 0 0 0 9 4 0 2 0 0 1 39 21 69 12 0 0 0 6 12 25 34 27 15 5 5 39 9 3 7 12 16 3 5 13 0 23 16 27 0 2 1 2 9 8 0 0 0 0 0 -3 -3 -3 -3 -3 -3 -3 -3 -3 -3 -3 -3 -3 -3 -3 -3 -3 -3 -3 -3 -3 -3 -3 -3 -3 -3 -3 -3 -3 -3 -3 -3 -3 -3 -3 33 52 66 68 57
0 0 0 0 0 1 0 0 0 0 0 9 0 0 0 12 0 1 0 1 16 13 5 4 6 3 2 0 0 0 0 0 22 3 5 12 18 2 0 28 15 20 10 35 18 19 40 18 21 11 0 0 0 0 2 37 -3 -3 -3 -3 -3 -3 -3 -3 -3 -3 -3 -3 -3 -3 -3 -3 -3 -3 -3 -3 -3 -3 -3 -3 -3 -3 -3 -3 -3 -3 -3 -3 -3 -3 -3 56 68 26 34 93
0 0 0 0 0 0 9 4 0 0 0 0 0 0 0 0 0 0 0 14 31 0 0 26 16 2 0 0 0 29 -3 16 13 20 0 12 11 5 8 15 4 24 10 7 54 16 47 55 21 0 12 16 3 1 54 17 -3 -3 -3 -3 -3 -3 -3 -3 -3 -3 -3 -3 -3 -3 -3 -3 -3 -3 -3 -3 -3 -3 -3 -3 -3 -3 -3 -3 -3 -3 -3 9 2 0 18 70 45 0 0 9
0 0 0 0 0 0 8 32 0 7 26 63 31 2 0 0 0 13 32 55 8 0 0 0 1 15 0 0 0 4 0 2 0 0 0 20 12 2 15 16 17 34 31 6 67 23 11 7 1 0 13 36 31 10 3 -3 -3 -3 -3 -3 -3 -3 -3 -3 -3 -3 -3 -3 -3 -3 -3 -3 -3 -3 -3 -3 -3 -3 -3 -3 -3 -3 -3 -3 25 1 0 0 -1 -1 0 0 0 0 0 8
0 0 0 0 0 0 3 2 0 7 0 3 40 2 0 0 0 0 6 10 15 9 -1 0 0 0 1 0 8 1 0 0 0 0 0 14 -3 -3 26 4 -3 12 5 8 5 49 24 0 0 0 4 0 0 0 -3 -3 -3 -3 -3 -3 -3 -3 -3 -3 -3 -3 -3 -3 -3 -3 -3 -3 -3 -3 -3 -3 0 15 6 0 -3 20 0 0 4 7 18 -1 -1 5 8 13 22 11 0 21
0 0 0 0 3 0 23 65 46 4 43 41 17 10 0 0 0 0 19 14 1 8 2 0 17 13 23 1 0 11 2 2 0 -3 -3 12 21 19 27 45 0 13 50 36 36 17 4 7 0 13 0 0 -3 -3 -3 -3 -3 -3 -3 -3 -3 -3 -3 -3 -3 -3 -3 -3 -3 -3 -3 -3 -3 -3 -3 0 0 16 10 6 18 12 42 8 0 0 0 0 -1 12 1 -1 0 0 0 6
0 0 26 8 2 0 0 12 16 6 20 17 14 42 0 0 0 0 0 0 13 11 13 11 21 14 18 0 0 7 17 14 -3 -3 -3 -3 29 0 31 28 0 -1 11 0 0 18 7 7 0 0 2 -3 -3 -3 -3 -3 -3 -3 -3 -3 -3 -3 -3 -3 -3 -3 -3 -3 -3 -3 -3 -3 -3 -3 0 0 3 8 32 42 0 1 33 -1 55 6 0 16 -1 -1 0 -1 0 0 0 3
1 0 23 4 0 26 1 0 0 0 0 27 51 17 0 0 0 0 0 0 0 0 0 0 0 20 16 0 0 10 0 1 26 27 -3 11 0 11 2 0 0 0 17 6 0 1 0 -1 0 0 5 -3 -3 -3 -3 -3 -3 -3 -3 -3 -3 -3 -3 -3 -3 -3 -3 -3 -3 -3 -3 -3 0 -3 0 0 0 0 6 16 24 0 11 21 4 0 0 7 0 -1 -1 -1 -1 0 0 12
11 0 22 10 0 5 21 0 0 0 11 12 0 4 0 0 0 0 0 9 -1 0 0 22 20 12 6 6 33 3 0 1 24 54 -3 0 0 5 21 10 0 0 0 14 25 1 0 -1 0 0 -3 -3 -3 -3 -3 -3 -3 -3 -3 -3 -3 -3 -3 -3 -3 -3 -3 -3 -3 -3 -3 12 -3 -3 0 1 19 22 0 3 11 37 1 0 54 18 0 0 0 -1 -1 0 0 11 2 0
0 0 0 0 0 0 11 0 7 0 5 5 9 32 0 0 0 0 0 32 -1 0 0 32 47 0 5 7 0 0 2 14 18 10 0 0 0 0 0 2 0 0 0 0 5 1 0 -3 -3 -3 -3 -3 -3 -3 -3 -3 -3 -3 -3 -3 -3 -3 -3 -3 -3 -3 -3 -3 -3 -3 -3 -3 -3 0 0 8 8 10 31 9 6 14 9 57 12 0 0 0 0 0 0 9 13 0 0 1
8 0 0 7 7 0 0 3 1 27 0 2 28 20 0 0 0 0 0 -1 -1 0 0 9 1 0 0 0 0 0 0 3 27 2 41 10 0 0 0 0 13 0 0 0 19 0 -3 -3 -3 -3 -3 -3 -3 -3 -3 -3 -3 -3 -3 -3 -3 -3 -3 -3 -3 -3 -3 -3 -3 -3 -3 -3 -3 0 0 0 0 15 40 30 21 0 2 26 0 0 15 6 19 0 0 1 0 17 0 13
0 0 0 0 0 0 0 10 1 8 0 2 40 15 8 6 0 0 0 0 -1 -1 0 4 0 0 0 0 0 0 0 4 17 0 6 6 12 11 0 0 10 0 0 0 8 0 -3 -3 -3 -3 -3 -3 -3 -3 -3 -3 -3 -3 -3 -3 -3 -3 -3 -3 -3 -3 -3 -3 -3 -3 -3 -3 0 0 0 1 0 1 9 23 0 12 0 0 0 8 6 0 4 0 37 0 0 0 2 6
0 0 0 0 8 0 0 0 0 28 20 8 35 21 1 23 5 0 0 0 0 0 9 0 0 0 0 0 0 0 0 8 3 9 11 5 0 0 53 8 3 0 0 9 30 5 -3 -3 -3 -3 -3 -3 -3 -3 -3 -3 -3 -3 -3 -3 -3 -3 -3 -3 -3 -3 -3 0 0 0 0 0 0 1 24 16 0 0 7 13 7 7 5 11 6 5 0 0 5 1 24 0 0 0 0 29
0 16 0 17 27 0 0 0 0 25 10 25 28 2 7 0 0 0 14 0 0 1 28 1 9 0 0 8 10 0 0 0 0 16 1 13 1 9 60 3 1 10 0 0 0 14 21 -3 -3 -3 -3 -3 -3 -3 -3 1 0 0 0 0 -3 -3 -3 -3 -3 -3 7 0 0 0 0 0 0 0 0 13 0 0 6 6 10 0 0 7 14 4 1 10 6 3 7 5 3 24 0 7
0 0 6 6 16 0 0 0 0 3 10 25 16 0 2 0 0 0 1 7 0 7 26 0 8 0 0 6 0 1 0 0 0 13 0 2 0 19 32 31 15 4 5 20 6 0 2 13 1 0 -3 -3 -3 5 5 0 5 7 0 0 15 26 -3 -3 -3 -3 0 0 0 -3 9 1 11 0 0 0 0 0 26 51 26 0 0 0 0 0 0 0 0 0 0 0 7 0 1 18
0 9 0 0 0 0 0 2 17 0 0 14 18 0 1 2 0 0 0 1 0 0 0 0 0 9 1 0 0 17 0 5 0 0 4 24 0 4 12 3 11 25 2 6 0 0 -3 1 0 -1 -3 -3 7 0 5 6 78 34 0 0 3 9 -3 -3 -3 -3 -3 -3 -3 -3 26 24 9 3 1 11 7 9 6 33 18 0 0 0 0 0 0 0 3 0 0 0 0 0 16 21
0 1 0 0 2 37 0 8 1 0 0 1 2 0 7 2 0 9 0 0 0 0 0 0 0 14 8 0 0 0 9 11 9 0 0 8 7 14 1 13 1 0 0 25 26 0 0 0 0 0 -3 6 0 0 4 18 23 1 0 10 3 5 -3 -3 0 9 -3 -3 -3 -3 0 2 1 7 12 3 27 20 7 29 12 13 8 3 0 0 0 9 42 0 0 11 0 3 35 -1
0 0 0 9 -1 64 47 5 0 0 0 0 0 0 1 8 0 0 3 11 0 0 7 4 0 0 0 0 0 0 0 -1 0 0 0 14 7 1 0 0 0 0 0 1 32 10 21 19 0 -3 -3 5 2 0 0 0 0 0 0 9 0 0 0 7 0 8 15 -3 -3 0 21 6 0 9 12 57 59 27 0 9 16 0 0 0 0 0 0 0 3 0 4 15 0 31 37 9
0 0 0 0 -1 -1 47 5 0 0 0 0 0 0 0 0 0 -1 9 4 0 0 0 0 0 0 0 0 0 0 0 0 0 0 0 0 1 25 1 0 0 0 7 -1 17 0 20 -1 12 14 9 -3 0 0 6 0 0 1 0 0 17 0 0 0 0 0 0 -1 -1 -1 0 0 0 7 15 13 18 14 3 0 0 0 20 1 0 0 0 0 5 9 0 0 0 1 0 0
0 0 0 0 -1 3 20 2 0 0 5 2 0 0 0 0 0 14 0 0 0 0 0 0 0 0 0 0 0 0 0 0 0 0 6 14 12 14 0 0 0 0 -1 -1 -1 53 12 -1 17 16 0 5 8 0 28 17 0 24 12 18 6 5 30 8 11 0 0 0 -1 -1 0 0 0 14 21 0 0 24 28 0 2 57 57 16 0 0 0 10 7 0 0 0 0 0 0 0
0 0 0 0 6 0 16 5 7 5 1 0 0 0 0 0 0 0 0 0 0 0 0 0 0 0 0 0 0 0 0 0 4 0 29 1 0 5 0 14 17 0 -1 -1 -1 45 22 6 22 1 0 22 8 0 0 5 6 1 0 0 4 14 49 14 8 0 9 0 0 0 0 0 15 7 2 0 14 29 22 41 20 79 18 41 0 0 0 23 10 15 0 0 0 0 0 0
0 0 0 0 0 0 0 0 0 7 1 0 0 0 0 0 0 0 0 0 0 32 10 0 0 0 0 0 0 0 0 1 3 0 3 0 20 6 1 0 0 -1 -1 -1 -1 -1 12 0 10 44 48 0 1 0 0 0 4 4 6 16 0 0 0 7 0 11 0 0 0 0 0 1 5 3 0 0 2 18 19 39 34 44 11 72 2 0 -1 21 0 25 0 0 0 0 0 0
0 0 0 0 0 0 0 0 0 0 0 0 0 0 0 0 0 0 0 0 0 7 16 0 1 4 0 0 0 0 9 14 0 0 8 5 70 10 21 0 0 1 -1 -1 -1 10 0 0 0 0 2 1 0 0 0 1 17 0 0 2 0 0 0 1 18 4 0 0 6 15 16 6 27 0 5 4 26 38 0 31 59 21 33 45 12 13 33 31 0 5 3 0 0 2 7 8
0 0 0 0 0 0 0 0 0 0 3 8 0 0 0 5 14 2 0 -1 -1 13 16 16 5 13 0 1 9 5 21 2 14 0 6 8 16 0 9 0 2 0 3 0 18 22 19 0 0 0 15 3 0 5 13 0 0 25 0 0 0 0 0 0 10 0 0 0 0 20 10 3 22 25 0 1 0 3 0 15 26 6 4 22 29 0 19 13 22 19 0 0 -1 -1 14 54
-3 0 0 0 0 0 0 0 0 0 0 3 0 0 0 40 11 0 6 0 0 0 0 16 1 0 0 10 12 9 0 0 1 -1 13 6 0 0 11 0 6 0 4 5 11 7 20 0 0 0 0 8 4 3 9 0 14 14 3 0 0 9 2 0 0 0 0 3 4 0 0 7 0 17 0 11 15 51 34 0 0 13 1 14 15 27 33 0 0 0 0 0 0 1 31 34
-3 -3 0 0 0 0 0 0 0 0 0 0 4 0 0 0 0 0 0 0 -1 0 0 36 0 0 22 27 0 15 5 0 0 0 0 0 5 4 16 2 8 31 3 15 23 11 29 17 0 12 0 12 14 10 3 0 0 18 9 0 0 2 5 2 0 3 0 9 57 19 9 18 21 0 15 2 3 10 72 13 0 10 6 3 42 40 29 6 0 0 0 0 -3 0 13 13
-3 -3 0 0 0 0 0 0 0 0 0 0 34 12 0 0 0 0 11 0 0 1 0 0 0 3 3 0 0 0 0 0 0 4 21 23 6 0 10 0 28 8 0 9 7 5 10 24 0 0 3 0 0 0 0 0 7 0 5 13 23 0 0 46 12 18 22 20 5 -3 14 0 0 11 12 0 0 0 1 1 8 16 5 20 14 17 28 42 3 20 0 0 0 0 16 39
0 -3 0 0 0 0 0 0 0 -1 -1 0 0 0 0 0 1 5 0 0 0 16 0 0 6 2 2 0 10 6 0 0 30 24 0 1 0 21 2 0 0 0 0 14 1 -3 8 1 0 5 6 0 20 14 0 0 9 0 34 14 9 0 2 5 0 7 30 37 44 -3 -3 0 3 8 7 0 0 0 0 0 0 2 1 4 0 4 31 19 16 10 0 0 2 14 5 0
0 -3 -3 0 0 0 0 0 0 -1 -1 0 2 2 2 39 25 8 0 0 0 26 0 7 4 19 21 7 4 4 0 5 18 2 0 0 20 57 24 0 0 0 0 35 20 3 25 24 0 4 8 14 43 51 19 18 12 10 0 0 11 11 12 13 0 0 17 15 -3 -3 -3 0 23 10 0 8 2 19 7 0 13 3 0 20 16 27 0 2 46 14 10 5 30 5 5 9
0 0 -3 -3 0 0 0 0 0 17 0 0 5 5 28 34 10 0 -1 0 0 -1 0 0 0 19 42 17 0 0 0 0 0 0 0 0 0 9 14 0 20 10 3 28 30 17 -3 4 0 9 14 8 28 50 17 10 0 10 29 0 0 8 7 13 4 0 21 4 0 -3 0 0 15 28 10 0 0 10 0 0 0 0 0 5 2 5 0 3 20 0 1 13 0 23 24 7
0 0 0 0 -3 0 0 0 0 0 0 0 5 33 18 3 12 2 2 10 0 -1 15 0 0 43 32 9 0 0 4 17 20 0 14 0 2 0 0 0 9 11 11 9 15 5 -3 -1 0 57 8 12 1 2 5 33 0 0 3 9 0 25 0 0 2 17 13 1 2 -3 5 0 3 35 1 13 9 1 1 0 0 0 0 0 0 7 23 0 14 9 0 3 3 5 2 57
0 0 0 0 -3 6 0 0 0 0 -1 -1 0 4 0 0 0 19 2 21 1 -1 -1 0 0 11 0 0 0 -1 24 49 7 8 14 12 36 1 0 32 35 6 17 15 18 9 40 4 22 62 8 13 36 18 18 28 0 0 0 6 0 13 0 20 25 18 10 7 22 -3 0 2 9 0 0 0 30 48 6 0 0 0 3 0 1 3 24 22 45 0 0 0 5 0 0 4
0 0 0 0 0 -3 0 0 0 0 -1 0 0 0 -1 0 0 0 0 0 -1 -1 7 -1 -1 0 24 0 -1 -1 36 12 3 7 14 22 29 42 23 39 2 0 17 16 51 58 6 54 37 6 44 0 31 15 34 0 0 38 12 0 0 7 0 27 35 3 -1 -1 32 -3 0 30 6 0 4 10 1 2 0 0 13 1 27 1 30 6 0 1 5 0 4 31 17 15 3 7
0 0 0 0 0 -3 2 0 0 0 0 1 6 0 -1 -1 0 0 0 14 7 -1 -1 -1 -1 -1 -1 0 32 8 25 8 37 9 27 16 1 17 28 46 0 0 42 65 36 65 8 8 13 3 23 2 36 21 59 33 0 26 3 2 15 0 7 2 12 0 0 -1 -3 -3 -3 14 4 0 8 31 0 0 0 0 0 9 0 7 4 1 0 0 0 7 14 35 20 0 2 20
0 0 0 0 0 -3 37 2 0 0 0 18 2 0 0 0 0 -1 -1 -1 -1 -1 -1 -1 -1 -1 -1 4 6 0 0 0 13 33 15 61 51 25 14 79 8 1 15 17 44 22 16 9 0 2 -3 -3 12 2 21 21 0 8 0 0 13 8 11 9 45 0 0 0 10 -3 -3 26 2 1 28 42 0 0 0 10 0 15 5 3 0 0 0 0 7 2 0 -3 13 0 0 3
0 2 5 0 0 0 -3 13 0 0 0 3 6 15 5 0 0 -1 -1 -1 -1 -1 -1 -1 -1 -1 -1 0 2 0 0 0 0 1 7 35 43 38 46 56 20 11 0 2 27 21 11 52 14 5 1 29 11 0 6 1 8 2 15 3 16 0 20 54 36 0 0 0 -1 -1 16 66 7 4 1 0 11 0 0 14 5 2 0 15 0 0 0 8 0 20 0 0 3 0 15 9
0 0 2 -1 0 0 0 -3 0 0 0 0 2 10 1 0 -1 -1 -1 -1 -1 -1 -1 -1 -1 -1 -1 0 0 0 0 9 0 0 0 10 3 13 51 24 13 2 4 13 19 4 35 21 2 8 31 21 30 5 1 0 22 5 0 1 10 11 33 14 0 0 0 16 51 36 12 41 0 0 1 2 15 8 0 0 8 14 23 75 31 36 8 71 19 31 0 3 1 9 -3 18
0 0 1 -1 -1 0 0 0 -3 0 0 -1 -1 -1 16 -1 -1 -1 -1 -1 -1 -1 -1 -1 -1 -1 -1 0 0 0 2 12 1 2 0 0 0 22 38 18 34 50 2 6 11 8 9 2 4 16 31 32 -3 7 1 11 23 26 22 61 13 29 28 0 0 0 0 15 28 42 0 0 0 0 1 16 0 1 17 0 0 0 0 29 25 22 3 30 0 2 2 28 0 0 1 21
0 0 0 0 0 5 3 0 0 0 -3 0 3 37 29 -1 -1 -1 -1 -1 -1 -1 -1 -1 -1 -1 0 0 2 0 0 13 46 45 15 12 0 6 26 16 31 26 0 0 0 0 5 22 27 1 14 0 12 0 8 9 19 12 20 16 0 31 1 0 0 0 0 10 11 1 0 0 28 1 0 0 0 0 0 0 16 0 0 0 0 7 0 0 0 0 0 0 0 7 6 0
