input/mvp_realData_raster.asc
NCOLS 128 
NROWS 90 
XLLCORNER 3605567.5 
YLLCORNER 5890349.5 
CELLSIZE 2000 
NODATA_value -9999 
[rows 58 to 86 of 90, columns 0 to 63 of 128]
-9999 -9999 -9999 -9999 -9999 -9999 -9999 -9999 -9999 -9999 -9999 13058023 13058088 13058088 13058088 13058028 13058028 13058028 13058028 13058066 13058016 13058026 13058016 13058016 13058080 13058053 13058053 13004000 13060048 13060048 13060048 13060045 13060045 13060085 13060085 13060085 13060082 13060082 13060082 13060040 13060040 13060073 13060011 13060011 13060005 13060005 13060005 13060005 13053054 13053054 13053054 13053075 13053075 13053043 13053075 13053043 13053043 13053044 13053044 13053102 13056070 13056070 13056070 13056070
-9999 -9999 -9999 -9999 -9999 -9999 -9999 -9999 -9999 -9999 -9999 13058055 13058055 13058088 13058058 13058058 13058058 13058082 13058066 13058066 13058016 13058016 13058016 13058016 13004000 13004000 13004000 13004000 13004000 13060048 13060048 13060045 13060045 13060018 13060085 13060085 13060013 13060082 13060082 13060040 13060040 13060011 13060011 13060011 13060035 13060005 13060005 13060015 13060015 13053054 13053075 13053075 13053075 13053043 13053043 13053043 13053102 13053102 13053102 13053102 13056023 13056023 13056070 13056070
-9999 -9999 -9999 -9999 -9999 -9999 -9999 -9999 -9999 -9999 -9999 -9999 13058055 13058058 13058058 13058058 13058082 13058082 13058082 13058066 13058031 13058016 13058016 13054118 13004000 13004000 13004000 13004000 13004000 13060048 13060048 13060022 13060022 13060018 13060018 13060013 13060013 13060013 13060013 13060013 13060040 13060040 13060035 13060035 13060035 13060035 13060015 13060015 13060015 13060015 13060015 13060015 13060015 13053043 13053043 13053043 13053043 13053102 13053102 13053102 13056023 13056023 13056031 13056031
-9999 -9999 -9999 -9999 -9999 -9999 -9999 -9999 -9999 -9999 -9999 13054062 13054062 13058058 13058058 13058058 13058058 13058085 13058085 13058066 13058031 13058031 13058032 13054118 13054118 13004000 13004000 13004000 13004000 13004000 13060048 13060024 13060018 13060018 13060018 13060013 13060013 13060003 13060013 13060013 13060040 13060040 13060035 13060035 13060053 13060078 13060078 13060015 13060015 13060015 13060026 13060015 13060015 13060015 13053043 13053043 13053102 13053102 13053102 13053102 13056023 13056023 13056023 13056050
-9999 -9999 -9999 -9999 -9999 -9999 -9999 -9999 -9999 -9999 -9999 13054062 13054062 13054080 13058090 13058058 13058058 13058004 13058085 13058031 13058031 13058032 13058032 13058032 13054054 13054054 13004000 13004000 13004000 13004000 13060063 13060059 13060059 13060018 13060018 13060010 13060003 13060003 13060008 13060008 13060008 13060032 13060032 13060053 13060053 13060078 13060078 13060078 13060026 13060026 13060026 13060055 13060055 13060055 13060037 13053102 13053102 13053102 13053102 13053102 13056023 13056023 13056023 13056050
-9999 -9999 -9999 -9999 -9999 -9999 -9999 -9999 -9999 -9999 -9999 13054062 13054062 13054080 13054124 13054124 13054124 13058004 13058004 13058079 13054027 13058032 13054123 13054054 13054054 13004000 13004000 13004000 13004000 13004000 13060063 13060059 13060077 13060010 13060010 13060010 13060003 13060087 13060008 13060008 13060008 13060032 13060032 13060053 13060053 13060053 13060078 13060047 13060047 13060026 13060084 13060084 13060055 13060055 13060037 13060037 13053102 13056004 13056051 13056051 13056023 13056023 13056024 13056050
-9999 -9999 -9999 -9999 -9999 -9999 -9999 -9999 -9999 -9999 -9999 13054062 13054062 13054080 13054124 13054124 13054124 13054124 13058079 13058079 13054027 13054027 13054123 13054099 13054099 13054084 13004000 13004000 13060060 13060060 13060063 13060077 13060077 13060010 13060010 13060010 13060090 13060087 13060087 13060092 13060092 13060092 13060092 13060053 13060053 13060078 13060014 13060014 13060014 13060014 13060084 13060084 13060055 13060055 13060055 13060037 13060037 13056004 13056004 13056051 13056051 13056051 13056024 13056024
-9999 -9999 -9999 -9999 -9999 -9999 -9999 -9999 13054121 13054121 13054121 13054121 13054005 13054080 13054124 13054124 13054124 13054124 13054124 13054027 13054027 13054027 13054113 13054099 13054084 13054045 13004000 13004000 13004000 13060060 13060060 13060060 13060077 13060025 13060010 13060090 13060090 13060069 13060017 13060092 13060092 13060092 13060092 13060033 13060033 13060078 13060014 13060014 13060057 13060014 13060093 13060055 13060093 13060055 13060037 13060037 13060037 13056004 13056004 13056051 13056051 13056064 13056051 13056024
-9999 -9999 -9999 -9999 -9999 -9999 -9999 -9999 13054121 13054121 13054121 13054005 13054005 13054005 13054124 13054124 13054124 13054124 13054124 13054027 13054095 13054095 13054113 13054113 13054045 13054045 13054045 13054065 13054065 13060060 13060060 13060060 13060077 13060025 13060080 13060039 13060069 13060069 13060017 13060017 13060017 13060029 13060029 13060033 13060033 13060033 13060086 13060057 13060057 13060057 13060093 13060093 13060093 13060062 13060062 13060037 13056004 13056004 13056004 13056051 13056064 13056064 13056011 13056024
-9999 -9999 -9999 -9999 -9999 -9999 -9999 -9999 13054108 13054108 13054070 13054121 13054056 13054124 13054124 13054117 13054124 13054124 13054124 13054124 13054047 13054031 13054031 13054004 13054045 13054101 13054101 13054101 13054065 13060001 13060001 13060001 13060025 13060025 13060080 13060039 13060039 13060017 13060017 13060070 13060070 13060029 13060029 13060029 13060028 13060028 13060086 13060057 13060057 13060057 13060093 13060093 13060093 13060062 13060062 13060061 13060037 13056004 13056004 13056041 13056041 13056041 13056041 13056011
-9999 -9999 -9999 -9999 -9999 -9999 -9999 13054030 13054108 13054108 13054056 13054056 13054056 13054124 13054117 13054117 13054117 13054117 13054124 13054047 13054047 13054031 13054004 13054004 13054002 13054101 13054101 13054101 13054065 13060001 13060001 13060001 13060025 13060080 13060080 13060039 13060064 13060064 13060016 13060016 13060016 13060056 13060056 13060075 13060028 13060028 13060086 13060049 13060049 13060049 13060006 13060006 13060002 13060002 13060061 13060061 13060061 13060061 13060061 13056041 13056041 13056041 13056041 13056011
-9999 -9999 -9999 -9999 -9999 -9999 13054040 13054030 13054030 13054030 13054056 13054056 13054056 13054124 13054063 13054117 13054117 13054117 13054011 13054043 13054043 13054031 13054004 13054046 13054002 13054046 13054046 13054107 13054065 13054065 13060027 13060027 13054081 13060080 13060080 13060064 13060064 13060016 13060016 13060016 13060016 13060056 13060056 13060075 13060075 13060028 13060050 13060049 13060049 13060049 13060006 13060006 13060002 13060061 13060061 13060061 13060061 13060061 13056001 13056001 13056041 13056041 13056052 13056052
-9999 -9999 -9999 -9999 13054040 13054040 13054040 13054030 13054040 13054008 13054008 13054056 13054019 13054019 13054057 13054057 13054117 13054117 13054043 13054043 13054043 13054043 13054043 13054052 13054046 13054046 13054091 13054091 13054091 13060027 13060027 13060027 13054081 13054081 13054081 13060052 13060052 13060052 13060012 13060012 13060012 13060056 13060056 13060056 13060056 13060067 13060050 13060050 13060049 13060042 13060006 13060002 13060002 13060061 13060061 13060061 13060061 13056075 13056075 13056001 13056021 13056021 13056052 13056038
-9999 -9999 13054096 -9999 13054039 13054040 13054040 13054040 13054040 13054008 13054008 13054019 13054019 13054019 13054019 13054057 13054057 13054117 13054117 13054043 13054043 13054043 13054052 13054052 13054046 13054091 13054091 13054091 13054091 13054029 13054029 13054081 13054081 13054081 13054081 13060056 13060052 13060052 13060012 13060056 13060056 13060056 13060056 13060056 13060056 13060067 13060021 13060021 13060049 13060042 13060042 13060042 13060042 13060061 13060061 13060061 13060061 13056075 13056059 13056059 13056059 13056071 13056071 13056038
-9999 13054096 13054096 13054096 13054039 13054039 13054040 13054116 13054053 13054053 13054008 13054093 13054093 13054093 13054057 13054057 13054097 13054097 13054043 13054043 13054043 13054043 13054052 13054076 13054076 13054091 13054091 13054091 13054066 13054029 13054119 13054081 13054081 13054081 13054081 13060072 13060072 13060072 13060056 13060056 13060056 13060056 13060056 13060056 13060056 13060067 13060021 13060021 13060041 13060041 13060036 13060036 13060036 13060023 13060023 13060020 13060061 13056075 13056059 13056059 13056032 13056032 13056046 13056046
-9999 13054096 13054096 13054096 13054013 13054039 13054039 13054116 13054053 13054053 13054006 13054093 13054093 13054093 13054055 13054097 13054097 13054097 13054106 13054086 13054043 13054043 13054076 13054076 13054076 13054087 13054087 13054066 13054066 13054066 13054119 13054081 13054081 13054081 13054081 13060072 13060072 13060072 13060072 13060056 13060056 13060056 13060056 13060056 13060071 13060071 13060021 13060071 13060041 13060041 13060036 13060036 13060036 13060023 13060023 13060020 13060020 13056065 13056065 13056058 13056058 13056046 13056037 13056046
-9999 13054083 13054083 13054013 13054013 13054013 13054078 13054078 13054053 13054103 13054006 13054006 13054109 13054109 13054055 13054097 13054097 13054106 13054086 13054086 13054043 13054060 13054060 13054100 13054100 13054100 13054087 13054087 13054066 13054119 13054119 13054119 13054081 13054081 13054081 13054015 13054015 13060072 13060072 13060056 13060056 13060056 13060056 13060071 13060071 13060071 13060071 13060071 13060071 13060041 13060081 13060066 13060066 13060066 13060066 13060020 13060020 13056065 13056065 13056065 13056005 13056010 13056037 13056009
-9999 13054083 13054083 13054013 13054013 13054013 13054013 13054078 13054103 13054022 13054022 13054022 13054109 13054014 13054073 13054090 13054090 13054111 13054111 13054111 13054043 13054060 13054060 13054060 13054087 13054087 13054087 13054112 13054066 13054119 13054042 13054081 13054081 13054081 13054081 13054015 13054010 13060072 13060074 13060030 13060030 13060030 13060079 13060079 13060079 13060071 13060071 13060071 13060071 -9999 13060081 13060081 13060066 13060066 -9999 13060083 13060083 13056065 13056005 13056005 13056010 13056010 13056010 13056009
13054083 -9999 13054013 -9999 13054013 13054013 13054078 13054078 13054009 13054103 13054022 13054022 13054014 13054014 13054073 13054090 13054090 13054111 13054111 13054092 13054092 13054092 13054016 13054016 13054087 13054087 13054087 13054112 13054069 13054069 13054042 13054042 13054081 13054081 13054010 13054010 13054010 13060074 13060074 13060074 13060038 13060079 13060079 13060079 13060079 13060051 13060051 13060071 -9999 -9999 -9999 -9999 -9999 -9999 -9999 13060083 13060083 13060083 13060083 13056025 13056010 13056044 13056010 13056009
-9999 -9999 -9999 -9999 -9999 13054013 13054102 13054102 13054009 13054009 13054009 13054014 13054014 13054014 13054073 13054067 13054067 13054067 13054036 13054036 13054092 13054092 13054041 13054016 13054001 13054087 13054061 13054112 13054069 13054069 13054069 13054042 13054042 13054042 13054081 13054010 13054010 13060074 13060074 13060034 13060034 13060038 13060079 13060051 13060051 13060051 13060076 13060076 -9999 -9999 -9999 -9999 -9999 -9999 -9999 -9999 -9999 -9999 13056025 13056025 13056025 13056044 13056044 13056074
-9999 -9999 -9999 -9999 -9999 -9999 13054102 13054102 13054102 13054009 -9999 -9999 -9999 13054032 13054032 13054067 13054067 13054036 13054036 13054036 13054007 13054007 13054041 13054001 13054001 13054001 13054061 13054061 13054069 13054069 13054069 13054069 13054037 13054042 13054037 13054077 13054077 13054077 13060034 13060034 13060038 13060091 13060091 13060051 13060051 13060076 13060076 13060076 -9999 -9999 -9999 -9999 -9999 -9999 -9999 -9999 -9999 -9999 -9999 -9999 -9999 13056044 13056044 13056073
-9999 -9999 -9999 -9999 -9999 -9999 -9999 13054102 13054102 -9999 -9999 -9999 -9999 -9999 13054067 13054067 13054067 13054067 13054067 13054007 13054007 13054001 13054001 13054001 13054001 13054034 13054034 13054069 13054069 13054069 13054069 13054069 13054037 13054037 13054089 13054122 13054122 13054075 13054075 13054075 13060091 13060091 13060091 13060091 13060051 13060076 -9999 -9999 -9999 -9999 -9999 -9999 -9999 -9999 -9999 -9999 -9999 -9999 -9999 -9999 -9999 13056013 13056013 13056073
-9999 -9999 -9999 -9999 -9999 -9999 -9999 -9999 -9999 -9999 -9999 -9999 -9999 -9999 13054032 13054067 13054067 13054067 13054067 13054067 13054110 13054064 13054001 13054064 13054064 13054001 13054033 13054069 13054051 13054051 13054051 13054037 13054037 13054037 13054089 13054122 13054122 13054003 13054075 13054075 13060091 13054018 13060091 13060091 13060051 -9999 -9999 -9999 -9999 -9999 -9999 -9999 -9999 -9999 -9999 -9999 -9999 -9999 -9999 -9999 -9999 -9999 13056013 13056073
-9999 -9999 -9999 -9999 -9999 -9999 -9999 -9999 -9999 -9999 -9999 -9999 -9999 -9999 -9999 13054067 13054048 13054067 13054067 13054110 13054110 13054064 13054064 13054064 13054038 13054033 13054033 13054028 13054028 13054028 13054051 13054037 13054037 13054037 13054089 13054089 13054115 13054003 13054003 13054021 13054018 13054018 13060091 -9999 -9999 -9999 -9999 -9999 -9999 -9999 -9999 -9999 -9999 -9999 -9999 -9999 -9999 -9999 -9999 -9999 -9999 -9999 -9999 -9999
-9999 -9999 -9999 -9999 -9999 -9999 -9999 -9999 -9999 -9999 -9999 -9999 -9999 -9999 -9999 -9999 13054048 13054048 13054048 13054110 13054105 13054105 13054105 13054038 13054038 13054017 13054017 13054017 13054028 13054028 13054028 13054037 13054058 13054058 13054058 13054089 13054115 13054003 13054021 13054021 13054018 13054018 -9999 -9999 -9999 -9999 -9999 -9999 -9999 -9999 -9999 -9999 -9999 -9999 -9999 -9999 -9999 -9999 -9999 -9999 -9999 -9999 -9999 -9999
-9999 -9999 -9999 -9999 -9999 -9999 -9999 -9999 -9999 -9999 -9999 -9999 -9999 -9999 -9999 -9999 13054048 13054110 13054110 13054110 13054105 13054105 13054082 13054038 13054038 13054049 13054049 13054028 13054028 13054020 13054020 13054020 13054020 13054058 -9999 -9999 -9999 -9999 13054021 -9999 -9999 -9999 -9999 -9999 -9999 -9999 -9999 -9999 -9999 -9999 -9999 -9999 -9999 -9999 -9999 -9999 -9999 -9999 -9999 -9999 -9999 -9999 -9999 -9999
-9999 -9999 -9999 -9999 -9999 -9999 -9999 -9999 -9999 -9999 -9999 -9999 -9999 -9999 -9999 -9999 -9999 13054110 13054110 13054110 13054105 13054105 13054082 13054072 13054072 13054072 13054071 13054071 13054035 13054035 13054020 13054074 13054074 -9999 -9999 -9999 -9999 -9999 -9999 -9999 -9999 -9999 -9999 -9999 -9999 -9999 -9999 -9999 -9999 -9999 -9999 -9999 -9999 -9999 -9999 -9999 -9999 -9999 -9999 -9999 -9999 -9999 -9999 -9999
-9999 -9999 -9999 -9999 -9999 -9999 -9999 -9999 -9999 -9999 -9999 -9999 -9999 -9999 -9999 -9999 -9999 -9999 -9999 13054120 13054120 13054082 13054082 13054072 13054072 13054072 13054071 13054028 13054035 13054035 13054074 13054074 13054074 -9999 -9999 -9999 -9999 -9999 -9999 -9999 -9999 -9999 -9999 -9999 -9999 -9999 -9999 -9999 -9999 -9999 -9999 -9999 -9999 -9999 -9999 -9999 -9999 -9999 -9999 -9999 -9999 -9999 -9999 -9999
-9999 -9999 -9999 -9999 -9999 -9999 -9999 -9999 -9999 -9999 -9999 -9999 -9999 -9999 -9999 -9999 -9999 -9999 -9999 -9999 -9999 13054044 13054044 13054079 13054079 13054079 13054071 13054071 13054035 13054035 13054059 13054074 13054074 -9999 -9999 -9999 -9999 -9999 -9999 -9999 -9999 -9999 -9999 -9999 -9999 -9999 -9999 -9999 -9999 -9999 -9999 -9999 -9999 -9999 -9999 -9999 -9999 -9999 -9999 -9999 -9999 -9999 -9999 -9999
